[23467,20,7200,2]
[3798,20,6900,3]
[6860,20,6300,2]
[16998,20,7000,2]
[34294,20,6000,2]
[18384,20,7000,2]
[29601,20,7400,2]
[27820,20,7700,2]
[38899,20,6800,2]
[13624,20,6300,2]
[29529,20,6900,2]
[27317,20,6900,2]
[33281,20,7200,2]
[14073,20,6900,2]
[14614,20,7500,2]
[23795,20,6700,3]
[36730,20,7200,4]
[24912,20,7600,3]
[29798,20,7200,3]
[25796,20,7200,2]
[33037,20,7200,4]
[9711,20,7400,2]
[30114,20,6500,2]
[34280,20,7300,2]
[11356,20,6700,2]
[32440,20,7300,2]
[28096,20,7100,4]
[1185,20,6900,2]
[26780,20,6500,2]
[6095,20,6400,2]
[10903,20,6500,3]
[24703,20,6200,2]
[15598,20,6200,2]
[32585,20,7200,2]
[30709,20,6800,3]
[4549,20,7500,5]
[35114,20,7100,2]
[6385,20,7000,2]
[26522,20,7100,3]
[9779,20,7000,2]
[1122,20,7200,2]
[31429,20,6400,2]
[5536,20,8400,2]
[29063,20,7100,2]
[34721,20,6600,2]
[20432,20,6700,4]
[9680,20,6500,2]
[13166,20,7500,2]
[12566,20,7500,3]
[8566,20,6700,2]
[19356,20,7700,2]
[2521,20,7500,4]
[29378,20,6800,2]
[16786,20,7000,2]
[31638,20,6600,2]
[2833,20,6500,2]
[20315,20,7300,4]
[2521,20,7500,5]
[22890,20,7000,2]
[12489,20,7400,3]
[17818,20,7400,3]
[23940,20,7500,2]
[3404,20,6700,2]
[39893,20,7000,2]
[2484,20,6600,2]
[23532,20,7100,2]
[10620,20,6600,2]
[23929,20,7200,2]
[22503,20,7100,2]
[18379,20,7300,2]
[31825,20,6800,2]
[3045,20,7200,2]
[3002,20,7500,2]
[14385,20,7700,3]
[26463,20,6300,2]
[23931,20,7700,2]
[39937,20,7100,2]
[3906,20,7100,3]
[25982,20,7800,2]
[299,20,6800,5]
[15720,20,6900,2]
[30515,20,7300,2]
[18756,20,7200,2]
[11449,20,7500,2]
[8685,20,7100,2]
[16705,20,6800,2]
[17698,20,7100,2]
[13116,20,6900,2]
[11730,20,6700,2]
[9395,20,7100,4]
[33712,20,7500,2]
[14598,20,7400,2]
[6564,20,6700,2]
[12341,20,6900,3]
[20211,20,6600,2]
[25128,20,6600,2]
[39675,20,7600,2]
[4218,20,6800,2]
[26309,20,6300,2]
[13734,20,7300,3]
[15776,20,7500,4]
[34637,20,7100,3]
[32143,20,6600,2]
[16390,20,8100,2]
[24936,20,7500,2]
[12007,20,7300,2]
[18392,20,6600,2]
[19812,20,6700,2]
[29620,20,7300,2]
[17185,20,6500,4]
[13163,20,7700,3]
[26960,20,6800,2]
[6483,20,6200,2]
[22423,20,6700,2]
[6341,20,6600,2]
[11518,20,7300,2]
[8242,20,6100,2]
[12087,20,6900,2]
[29859,20,7000,5]
[8959,20,6500,2]
[5349,20,7300,2]
[28461,20,6400,2]
[1767,20,7000,2]
[20934,20,7400,2]
[23236,20,6700,4]
[18687,20,7500,3]
[33574,20,7500,2]
[24366,20,6600,2]
[12261,20,6700,2]
[9867,20,6100,2]
[34665,20,6400,2]
[31649,20,7200,2]
[25872,20,7200,2]
[27927,20,6900,2]
[13972,20,7500,2]
[17838,20,7000,4]
[21192,20,6300,4]
[9426,20,8000,4]
[33074,20,6800,2]
[13682,20,7500,2]
[34211,20,7500,4]
[726,20,6500,2]
[8278,20,7500,2]
[31963,20,7700,3]
[17093,20,7200,3]
[27294,20,7300,2]
[2095,20,6900,4]
[31011,20,7000,2]
[728,20,6700,4]
[25476,20,7100,2]
[15354,20,7300,3]
[37626,20,7000,2]
[31840,20,6800,2]
[35662,20,6500,2]
[17580,20,6600,2]
[19313,20,6400,4]
[29333,20,6300,2]
[2015,20,6200,2]
[36592,20,7100,2]
[1795,20,6900,2]
[11651,20,7500,4]
[15338,20,7300,2]
[37755,20,7000,2]
[18712,20,6600,2]
[24286,20,7400,2]
[32120,20,6800,2]
[21851,20,7400,2]
[38280,20,7200,2]
[5881,20,6500,2]
[22671,20,7600,2]
[21338,20,7400,2]
[4492,20,6400,2]
[2322,20,6900,3]
[14420,20,6600,2]
[27351,20,6400,2]
[38798,20,6800,2]
[9821,20,6300,2]
[15038,20,7200,2]
[10398,20,7500,2]
[36758,20,6500,2]
[38850,20,6600,2]
[32266,20,7100,2]
[39357,20,7100,2]
[25117,20,6800,2]
[24466,20,6600,2]
[23786,20,7400,2]
[11983,20,6900,2]
[31156,20,7300,2]
[38401,20,6300,4]
[7924,20,6600,2]
[11645,20,7300,2]
[20114,20,6300,2]
[13736,20,6800,4]
[2409,20,7200,2]
[36502,20,6800,2]
[28527,20,6600,2]
[23698,20,6900,3]
[7206,20,6900,2]
[620,20,7500,2]
[27387,20,7100,4]
[38741,20,6200,6]
[36075,20,7400,2]
[23996,20,6600,2]
[29128,20,8000,2]
[18208,20,7100,2]
[10517,20,7000,2]
[12286,20,6900,2]
[14561,20,7200,2]
[28355,20,6600,2]
[22732,20,6000,3]
[16249,20,6000,2]
[31961,20,7500,4]
[26031,20,6700,2]
[34613,20,7800,2]
[30220,20,6300,2]
[28797,20,6600,2]
[15901,20,6500,2]
[11644,20,7600,2]
[16865,20,6900,2]
[24770,20,7000,2]
[37350,20,7200,2]
[10660,20,7300,2]
[6915,20,7000,2]
[16244,20,7100,2]
[17383,20,6700,2]
[11067,20,7400,3]
[7846,20,6400,4]
[11261,20,7500,2]
[2010,20,6700,2]
[12676,20,6100,3]
[35681,20,6500,4]
[25042,20,7500,3]
[35393,20,7600,3]
[17255,20,5800,2]
[28717,20,6600,3]
[28231,20,6500,3]
[13323,20,6900,2]
[2337,20,7500,2]
[29294,20,7300,2]
[12980,20,7100,2]
[6675,20,7700,2]
[3632,20,7600,4]
[14464,20,7400,4]
[29041,20,6400,2]
[15679,20,7400,2]
[12281,20,6800,2]
[10895,20,7400,3]
[5886,20,6300,2]
[33677,20,7600,2]
[21737,20,7300,2]
[12341,20,6900,4]
[4680,20,6200,2]
[4223,20,7300,2]
[6890,20,7200,2]
[1529,20,7100,2]
[31376,20,7400,4]
[18228,20,7700,2]
[33879,20,8100,2]
[30036,20,5900,4]
[14627,20,7100,2]
[24258,20,6200,2]
[3247,20,7700,2]
[15261,20,6700,2]
[12483,20,6600,2]
[27950,20,6400,4]
[19109,20,6900,2]
[13119,20,6300,2]
[33715,20,7600,2]
[431,20,6100,4]
[13522,20,7300,2]
[3195,20,7800,2]
[1230,20,7700,3]
[37696,20,8300,3]
[32069,20,5600,2]
[20589,20,7000,2]
[16659,20,7300,2]
[19708,20,7400,2]
[10137,20,6600,2]
[30921,20,6600,3]
[1328,20,6200,2]
[30683,20,7800,2]
[827,20,7300,2]
[13566,20,7800,2]
[9038,20,7800,2]
[24052,20,7000,2]
[22240,20,7000,5]
[28268,20,7500,2]
[18858,20,6900,4]
[27710,20,6700,2]
[4993,20,6800,2]
[2421,20,7700,2]
[36260,20,7000,2]
[12566,20,7500,4]
[39395,20,6400,2]
[36548,20,7900,2]
[4444,20,7500,2]
[8293,20,6100,2]
[1407,20,6600,3]
[9979,20,7300,3]
[20069,20,7600,2]
[17312,20,6900,2]
[35666,20,7700,4]
[5854,20,6000,2]
[30856,20,7000,2]
[13496,20,6700,2]
[28818,20,7100,2]
[23868,20,6900,2]
[24193,20,6900,2]
[6642,20,6400,2]
[10089,20,6700,2]
[10220,20,7200,2]
[2602,20,6000,2]
[3502,20,6400,2]
[4785,20,6900,2]
[16532,20,6800,2]
[37586,20,6600,2]
[2253,20,5900,2]
[13538,20,7100,4]
[17871,20,6100,2]
[11022,20,6400,2]
[5087,20,6700,3]
[25192,20,7600,2]
[31346,20,6700,2]
[7876,20,7800,4]
[16108,20,7400,3]
[25713,20,7500,5]
[38154,20,7200,2]
[38918,20,7100,2]
[23631,20,6600,2]
[12676,20,6100,4]
[9235,20,7100,3]
[16625,20,7000,2]
[38822,20,6900,3]
[23263,20,6900,2]
[39600,20,6800,2]
[18535,20,7100,2]
[34361,20,7400,2]
[10436,20,6100,2]
[36871,20,6700,4]
[18853,20,7200,2]
[36952,20,6400,2]
[32963,20,7300,3]
[27781,20,6500,2]
[17282,20,7600,2]
[38414,20,7500,2]
[15234,20,7000,4]
[26584,20,6000,2]
[13569,20,6300,2]
[18097,20,7500,2]
[18078,20,6800,3]
[25634,20,7100,2]
[22164,20,6600,2]
[29371,20,6700,2]
[4985,20,7000,2]
[5144,20,7300,2]
[1496,20,6400,2]
[10351,20,6400,4]
[9965,20,6600,2]
[31677,20,7000,2]
[23563,20,7100,2]
[20405,20,6600,2]
[35282,20,6600,2]
[13824,20,6700,2]
[32158,20,7100,2]
[11535,20,7800,2]
[28224,20,7200,2]
[15739,20,6500,2]
[15941,20,7300,2]
[8426,20,8200,2]
[22820,20,7500,2]
[23958,20,7000,4]
[11954,20,7200,2]
[1260,20,7100,4]
[32050,20,7200,2]
[17430,20,6700,2]
[21100,20,7000,2]
[39474,20,6900,3]
[9557,20,6600,2]
[26041,20,7300,3]
[15798,20,7000,3]
[23795,20,6700,4]
[12836,20,7400,2]
[12622,20,6500,2]
[12657,20,6400,2]
[36779,20,6700,4]
[39957,20,6700,2]
[10557,20,7000,2]
[7430,20,7200,2]
[13280,20,6900,2]
[19600,20,7200,2]
[15104,20,7400,2]
[29760,20,7700,3]
[13123,20,7000,2]
[3154,20,6800,2]
[36556,20,7200,2]
[15756,20,7500,2]
[8017,20,7500,4]
[2399,20,6700,2]
[845,20,7600,2]
[23583,20,6900,2]
[1056,20,7400,2]
[11446,20,7200,2]
[11418,20,7900,2]
[34945,20,8100,2]
[35495,20,7200,2]
[37441,20,6900,2]
[33876,20,6100,2]
[25934,20,7900,4]
[17977,20,7100,2]
[8592,20,6900,3]
[27590,20,7700,2]
[13337,20,6900,2]
[31977,20,6000,2]
[395,20,8200,2]
[17120,20,7600,3]
[16043,20,7000,2]
[31088,20,7400,2]
[19515,20,7700,2]
[33919,20,6800,3]
[28368,20,7400,2]
[35633,20,7400,2]
[35175,20,7000,2]
[21557,20,7000,2]
[35909,20,7200,2]
[5312,20,6800,2]
[21597,20,7600,2]
[19830,20,7600,2]
[38451,20,7100,2]
[35645,20,6700,2]
[37566,20,6700,4]
[23558,20,7000,2]
[29763,20,7000,3]
[4134,20,6600,2]
[30239,20,7400,2]
[2021,20,7500,2]
[34939,20,7400,2]
[25673,20,7100,2]
[23738,20,7200,2]
[29803,20,7400,2]
[113,20,6000,2]
[31961,20,7500,5]
[5893,20,7700,2]
[697,20,7400,2]
[38075,20,7000,2]
[19490,20,6800,2]
[34584,20,5700,2]
[17857,20,6700,2]
[19393,20,7000,2]
[15293,20,7000,2]
[21611,20,7400,2]
[6546,20,7600,3]
[19984,20,7000,3]
[7879,20,6400,2]
[31009,20,7000,2]
[35719,20,7800,2]
[23337,20,7900,2]
[11056,20,7400,2]
[36868,20,7000,2]
[27973,20,7800,4]
[39563,20,6600,2]
[36611,20,6400,2]
[16942,20,7400,2]
[32563,20,7100,2]
[6976,20,7100,2]
[24904,20,7500,2]
[1230,20,7700,4]
[13011,20,7600,2]
[15340,20,6500,2]
[26513,20,7100,2]
[13831,20,7400,2]
[22036,20,7600,2]
[5226,20,6700,4]
[23597,20,6700,2]
[4949,20,7300,2]
[396,20,6700,2]
[25199,20,6100,2]
[16637,20,7700,2]
[3896,20,7200,2]
[2601,20,6900,2]
[21240,20,6800,2]
[39488,20,7100,2]
[31576,20,6500,2]
[28587,20,6700,4]
[4924,20,7700,3]
[10833,20,6400,2]
[37666,20,6600,4]
[39835,20,6800,2]
[10294,20,6600,2]
[38430,20,7100,2]
[15516,20,6700,2]
[10234,20,6900,5]
[11649,20,6900,2]
[12105,20,7300,4]
[4756,20,7100,2]
[30781,20,6700,2]
[29859,20,7000,6]
[1209,20,7900,2]
[26771,20,7100,3]
[15798,20,7000,4]
[11129,20,6500,2]
