[19603,20,7000,3]
[5597,20,7000,2]
[10803,20,7500,2]
[32853,20,6700,3]
[19488,20,6500,2]
[8526,20,7700,2]
[9861,20,6800,2]
[12289,20,8100,2]
[2142,20,6100,2]
[21355,20,7100,2]
[39917,20,6700,2]
[22184,20,7300,3]
[32853,20,6700,4]
[37774,20,6700,3]
[27119,20,7800,2]
[34314,20,5800,3]
[28206,20,7200,2]
[18027,20,6700,3]
[12710,20,6800,2]
[20259,20,7200,2]
[13733,20,6800,2]
[26411,20,7600,2]
[13359,20,7100,2]
[21421,20,6900,2]
[28788,20,7800,3]
[23833,20,7100,2]
[9296,20,7500,2]
[29251,20,7500,2]
[17399,20,6200,2]
[35311,20,6800,2]
[29818,20,7200,2]
[29358,20,7600,3]
[20937,20,7200,2]
[19597,20,7700,2]
[16056,20,7000,2]
[29522,20,6700,3]
[28095,20,7100,2]
[39532,20,6600,3]
[18126,20,7100,2]
[15279,20,7000,2]
[12558,20,8100,2]
[23569,20,7500,2]
[2860,20,6400,2]
[416,20,5800,2]
[30855,20,7200,2]
[38328,20,7100,2]
[14351,20,7900,2]
[26977,20,6800,2]
[22257,20,7700,2]
[4652,20,7100,3]
[6530,20,6000,3]
[21494,20,6600,2]
[36503,20,7200,2]
[2151,20,7000,2]
[983,20,6200,2]
[39593,20,6800,2]
[33143,20,7000,2]
[18378,20,6700,2]
[3493,20,7600,2]
[33138,20,7000,4]
[34666,20,6700,2]
[25096,20,7100,3]
[29327,20,6200,2]
[18070,20,7000,2]
[1803,20,7300,2]
[13760,20,6800,2]
[21846,20,7200,2]
[18231,20,6600,2]
[28106,20,6200,2]
[19195,20,6800,2]
[34513,20,6600,2]
[39353,20,6900,2]
[27535,20,7100,2]
[9046,20,6600,2]
[15839,20,6800,3]
[11827,20,6400,3]
[32723,20,6700,2]
[30390,20,7000,4]
[2962,20,6900,2]
[13701,20,7300,2]
[31490,20,7000,2]
[12593,20,7600,2]
[26779,20,7600,2]
[2900,20,7500,2]
[7788,20,7200,2]
[19969,20,6400,3]
[31907,20,7300,2]
[24625,20,6800,2]
[3785,20,7600,2]
[39571,20,6600,2]
[25598,20,7700,2]
[37395,20,6900,2]
[16638,20,6200,2]
[18152,20,7000,2]
[20703,20,7000,2]
[17900,20,7300,2]
[30624,20,7000,2]
[10308,20,6900,3]
[21786,20,6500,2]
[12123,20,7800,2]
[24044,20,8500,2]
[24971,20,6700,2]
[24814,20,7500,2]
[10361,20,6200,2]
[2080,20,7200,3]
[29157,20,6800,2]
[38292,20,6700,3]
[28549,20,7300,2]
[21568,20,7500,2]
[7014,20,8000,3]
[2461,20,7500,3]
[17594,20,6400,2]
[22382,20,6700,2]
[27760,20,6600,2]
[34930,20,7500,2]
[13231,20,7000,2]
[5984,20,7200,4]
[14639,20,6700,2]
[21209,20,6400,2]
[17674,20,6300,2]
[14056,20,7300,2]
[35774,20,6800,2]
[26262,20,6800,2]
[12333,20,6900,2]
[33010,20,8000,2]
[17560,20,7100,2]
[10265,20,6700,2]
[24609,20,7100,4]
[17455,20,6700,2]
[38643,20,7500,2]
[22543,20,7600,2]
[21558,20,6800,2]
[17366,20,6800,2]
[25630,20,6600,2]
[36166,20,7100,2]
[18278,20,6300,2]
[18618,20,7100,2]
[7717,20,6700,3]
[28901,20,8100,2]
[33812,20,7200,2]
[11496,20,6500,2]
[33995,20,6500,2]
[17731,20,7200,2]
[19278,20,7000,3]
[34618,20,6500,2]
[10799,20,7300,2]
[26062,20,7000,2]
[19104,20,6800,2]
[21984,20,7200,2]
[32297,20,6800,2]
[7248,20,7200,3]
[18325,20,7000,3]
[17901,20,7200,3]
[25347,20,7200,4]
[29985,20,6000,2]
[6496,20,6900,2]
[13430,20,6800,2]
[13228,20,6900,4]
[30835,20,6400,2]
[37467,20,7200,2]
[30215,20,7800,2]
[21841,20,7400,2]
[23645,20,7300,2]
[8456,20,5900,2]
[39272,20,6600,2]
[35244,20,7200,2]
[17308,20,7500,2]
[37760,20,6500,2]
[17948,20,6700,2]
[14839,20,7100,2]
[8090,20,6900,2]
[13547,20,7200,4]
[6824,20,6700,2]
[36541,20,6700,2]
[35831,20,7100,2]
[17296,20,7000,3]
[32015,20,6900,2]
[3472,20,6600,3]
[1441,20,6600,2]
[17588,20,8100,2]
[36343,20,6600,2]
[36803,20,6800,2]
[22087,20,7100,2]
[35529,20,6500,2]
[38630,20,7300,2]
[7195,20,7100,4]
[13338,20,7600,2]
[14330,20,6500,2]
[27594,20,6300,2]
[27618,20,6200,2]
[38271,20,6600,2]
[26907,20,7200,2]
[11917,20,6700,2]
[22930,20,7200,2]
[22729,20,7800,2]
[501,20,7200,2]
[17668,20,6500,2]
[28319,20,7300,2]
[25870,20,6400,2]
[3081,20,7500,2]
[15060,20,7400,2]
[39968,20,7500,2]
[7551,20,7000,2]
[30566,20,7200,2]
[9461,20,7700,4]
[19332,20,6900,2]
[13568,20,6800,2]
[32115,20,8200,2]
[35832,20,6800,2]
[1557,20,6600,2]
[26729,20,7200,2]
[31912,20,7900,2]
[17206,20,7100,2]
[27325,20,7000,2]
[12739,20,6600,2]
[14094,20,7200,2]
[20766,20,7100,3]
[29350,20,7100,3]
[29200,20,7000,2]
[22533,20,7100,3]
[10966,20,6800,2]
[12221,20,7600,2]
[31208,20,7200,2]
[37592,20,6300,2]
[37079,20,6800,2]
[29824,20,7400,2]
[34049,20,6700,2]
[7124,20,7400,2]
[30864,20,7400,2]
[13093,20,6600,2]
[34170,20,7400,2]
[17423,20,6500,3]
[33272,20,6800,2]
[31956,20,6900,2]
[29554,20,7100,2]
[10769,20,7400,2]
[31718,20,6800,2]
[33063,20,6700,2]
[15889,20,6200,2]
[32210,20,6300,2]
[31916,20,6700,2]
[1556,20,8100,2]
[5419,20,7000,3]
[20471,20,7100,2]
[25319,20,7400,3]
[37961,20,7100,2]
[24077,20,7200,2]
[12951,20,7600,2]
[29787,20,6400,2]
[34918,20,7400,2]
[4685,20,7800,3]
[11295,20,6900,2]
[39358,20,7000,2]
[4339,20,7300,2]
[11758,20,6800,2]
[19523,20,6400,2]
[3119,20,6900,2]
[36858,20,5900,2]
[26580,20,7600,2]
[17023,20,6800,3]
[12100,20,8200,2]
[31409,20,7100,2]
[13083,20,6900,3]
[8875,20,7100,3]
[10380,20,7300,2]
[23935,20,6700,3]
[11795,20,7500,2]
[5783,20,7400,3]
[768,20,7900,2]
[28037,20,7900,2]
[28102,20,7100,2]
[18674,20,6800,2]
[27475,20,6300,2]
[24575,20,7300,2]
[19051,20,7100,2]
[20325,20,7000,2]
[19242,20,7400,2]
[34283,20,7200,2]
[16632,20,7900,2]
[3388,20,7500,2]
[26260,20,7500,2]
[36123,20,6200,3]
[31376,20,7400,3]
[34337,20,6100,2]
[1389,20,6900,2]
[27312,20,7200,2]
[7762,20,6900,2]
[2251,20,7700,2]
[954,20,6900,2]
[31667,20,7800,2]
[26430,20,6800,4]
[24760,20,7500,3]
[27878,20,7100,2]
[7677,20,8100,2]
[36464,20,7100,2]
[8621,20,6600,2]
[37296,20,7900,3]
[13888,20,6800,2]
[18063,20,7000,2]
[7968,20,7200,2]
[34671,20,6300,2]
[18751,20,6400,2]
[29975,20,7700,2]
[19452,20,7100,2]
[22081,20,7500,2]
[20741,20,7400,2]
[25849,20,7800,2]
[24776,20,6600,2]
[7697,20,7900,2]
[22749,20,7000,3]
[20467,20,7300,2]
[25379,20,6500,2]
[20978,20,7600,2]
[11052,20,7800,2]
[15061,20,7500,2]
[10415,20,6900,2]
[38661,20,6600,2]
[7473,20,7000,3]
[3937,20,7300,2]
[9765,20,7200,2]
[19232,20,8400,2]
[29167,20,6700,3]
[31673,20,6900,3]
[9407,20,7400,2]
[24939,20,6700,5]
[22614,20,7500,2]
[34265,20,5700,2]
[3532,20,7200,2]
[17222,20,7400,2]
[38564,20,6300,2]
[2550,20,6400,3]
[27547,20,6900,2]
[13164,20,7300,2]
[30491,20,7500,3]
[7406,20,6000,2]
[6336,20,7100,2]
[1577,20,6800,2]
[24694,20,7500,2]
[9981,20,7100,2]
[6746,20,7300,3]
[33033,20,7100,2]
[7566,20,7600,2]
[32874,20,7700,3]
[28242,20,6800,2]
[38578,20,7400,2]
[39541,20,7000,2]
[38912,20,6600,3]
[12105,20,7300,3]
[25939,20,7300,2]
[4685,20,7800,4]
[12118,20,6900,2]
[19241,20,7500,2]
[25314,20,6900,2]
[16566,20,6600,2]
[29276,20,7000,2]
[28219,20,7900,2]
[19422,20,6400,2]
[25570,20,7500,2]
[35794,20,6300,2]
[5671,20,6300,2]
[33710,20,7500,2]
[14899,20,7500,2]
[21596,20,6300,3]
[7524,20,6800,2]
[38138,20,7300,2]
[39000,20,7400,2]
[4861,20,6200,3]
[39293,20,6900,2]
[36916,20,6600,2]
[25163,20,7100,2]
[37091,20,6900,2]
[15714,20,6200,2]
[14520,20,7300,2]
[12870,20,7500,3]
[30766,20,7800,2]
[12602,20,6800,2]
[20916,20,6900,2]
[14352,20,7200,2]
[19750,20,7800,2]
[5789,20,6800,2]
[24973,20,7600,2]
[9148,20,6100,2]
[838,20,7300,2]
[19711,20,6900,2]
[5164,20,7600,2]
[3061,20,7500,2]
[21398,20,7200,2]
[33933,20,6000,2]
[1891,20,6700,2]
[35477,20,6700,4]
[32917,20,8000,2]
[21235,20,7300,2]
[38005,20,7100,2]
[1010,20,6300,3]
[5655,20,7100,2]
[35647,20,7800,2]
[30688,20,7800,2]
[9209,20,7600,2]
[16546,20,7600,2]
[28419,20,6900,2]
[31606,20,7100,2]
[23776,20,6100,2]
[30578,20,6800,4]
[18260,20,7100,2]
[29750,20,7300,2]
[592,20,7100,2]
[24684,20,7000,2]
[26139,20,6800,3]
[6491,20,6900,3]
[4503,20,6300,2]
[19997,20,6500,2]
[34582,20,7300,2]
[138,20,6700,4]
[16142,20,7200,2]
[32122,20,6900,2]
[9110,20,7200,2]
[8633,20,7700,2]
[23529,20,6800,2]
[21543,20,5900,2]
[3238,20,6700,2]
[28826,20,7000,2]
[39781,20,7200,3]
[35783,20,7200,2]
[15862,20,6900,2]
[25652,20,6600,2]
[21434,20,7600,2]
[29904,20,7300,2]
[26122,20,7800,2]
[39221,20,6200,5]
[27678,20,7300,2]
[7986,20,7300,2]
[22943,20,7100,2]
[39660,20,6300,3]
[27550,20,6900,2]
[6421,20,7500,4]
[3722,20,7400,2]
[11059,20,7300,4]
[16039,20,6300,2]
[30408,20,6900,4]
[12870,20,7500,4]
[11218,20,8000,4]
[33640,20,7400,2]
[751,20,7200,2]
[12738,20,6900,2]
[7954,20,7400,4]
[34099,20,6700,3]
[14728,20,7400,2]
[24472,20,7100,2]
[11508,20,6800,4]
[25655,20,6600,2]
[25908,20,6700,2]
[20117,20,7400,2]
[36083,20,7500,2]
[39746,20,8000,3]
[13413,20,7000,2]
[15817,20,6600,2]
[2930,20,6900,2]
[4374,20,7100,3]
[18632,20,6900,2]
[33269,20,6300,2]
[2819,20,6800,4]
[4861,20,6200,4]
[36005,20,7700,3]
[7596,20,7200,2]
[11504,20,7200,2]
[33776,20,7400,4]
[6596,20,6700,3]
[12109,20,8200,2]
[9395,20,7100,3]
[34124,20,6900,2]
[24020,20,6300,4]
[39666,20,6700,2]
[26485,20,7000,2]
[25582,20,6600,4]
[18470,20,8000,2]
[24176,20,7800,2]
[26278,20,6500,2]
[8186,20,7400,2]
[6900,20,7300,2]
[12156,20,7500,2]
[28157,20,7700,4]
[16820,20,8100,3]
[9126,20,6600,2]
[30047,20,6800,2]
[867,20,7000,2]
[7695,20,6800,2]
[32828,20,6700,4]
[32220,20,7400,2]
[11960,20,7100,2]
[34645,20,6000,3]
[21107,20,7200,2]
[6585,20,7000,2]
[16803,20,8000,2]
[33106,20,7100,3]
[12546,20,7600,2]
[8444,20,7200,2]
[31242,20,6800,2]
[31966,20,7800,2]
[30415,20,7700,2]
[27408,20,7100,2]
