[31884,20,7300,0]
[29763,20,7000,0]
[38165,20,7200,0]
[7375,20,5900,0]
[27409,20,6300,0]
[21988,20,6600,0]
[38677,20,6700,0]
[30147,20,7000,0]
[144,20,6900,0]
[22902,20,7300,0]
[9028,20,7100,0]
[38237,20,7700,0]
[29779,20,7300,0]
[27032,20,7100,0]
[8830,20,7200,0]
[19705,20,7400,0]
[13068,20,7100,0]
[21644,20,7100,0]
[18583,20,6800,0]
[2831,20,6200,0]
[36334,20,8400,0]
[25789,20,6500,0]
[6637,20,6900,0]
[39773,20,6300,0]
[3784,20,6700,0]
[11703,20,6500,0]
[4038,20,7100,0]
[10547,20,6800,0]
[16813,20,6900,0]
[6964,20,7900,0]
[19172,20,6600,0]
[24849,20,7500,0]
[26891,20,7400,0]
[21169,20,7100,0]
[25042,20,7500,0]
[29086,20,6200,0]
[21123,20,6400,0]
[29682,20,7200,0]
[34569,20,6300,0]
[16536,20,7900,0]
[19800,20,7200,0]
[22256,20,6300,0]
[35710,20,6500,0]
[15377,20,6800,0]
[2619,20,7700,0]
[36678,20,6700,0]
[28751,20,6900,0]
[2973,20,7500,0]
[15446,20,7200,0]
[20701,20,7300,0]
[1228,20,7700,0]
[20427,20,7100,0]
[4634,20,7100,0]
[6966,20,7800,0]
[30960,20,5900,0]
[10065,20,6900,0]
[25619,20,6400,0]
[10422,20,6100,0]
[31906,20,7400,0]
[10647,20,6900,0]
[126,20,7400,0]
[24647,20,7500,0]
[29534,20,7100,0]
[25453,20,6400,0]
[25273,20,6900,0]
[21915,20,7000,0]
[32202,20,7500,0]
[13143,20,6200,0]
[25353,20,7500,0]
[4563,20,6800,0]
[38323,20,7200,0]
[35406,20,7400,0]
[530,20,7000,0]
[14447,20,7300,0]
[16266,20,7300,0]
[20176,20,7100,0]
[22969,20,6900,0]
[12096,20,6400,0]
[29837,20,7500,0]
[10360,20,7700,0]
[23428,20,7100,0]
[5511,20,7100,0]
[19930,20,7800,0]
[25937,20,7300,0]
[20327,20,7200,0]
[5498,20,7800,0]
[3163,20,7200,0]
[16416,20,7300,0]
[38594,20,6900,0]
[34108,20,7600,0]
[17546,20,6400,0]
[27775,20,6400,0]
[12106,20,7700,0]
[14604,20,7500,0]
[6416,20,6400,0]
[10979,20,7200,0]
[17530,20,7000,0]
[36862,20,6000,0]
[29382,20,7800,0]
[25096,20,7100,0]
[16515,20,7200,0]
[29571,20,6700,0]
[36234,20,6800,0]
[1944,20,7400,0]
[14705,20,7300,0]
[18179,20,6900,0]
[23416,20,7700,0]
[38551,20,7200,0]
[39714,20,6500,0]
[35733,20,6800,0]
[36642,20,7900,0]
[35477,20,6700,0]
[38819,20,6400,0]
[38734,20,6900,0]
[10819,20,7200,0]
[20688,20,7300,0]
[39210,20,7300,0]
[8183,20,6400,0]
[29810,20,7300,0]
[24303,20,7500,0]
[24917,20,7200,0]
[16766,20,6300,0]
[1983,20,7100,0]
[17861,20,7700,0]
[6882,20,7400,0]
[29592,20,6300,0]
[35394,20,7100,0]
[19093,20,7000,0]
[34567,20,7400,0]
[31252,20,7000,0]
[9348,20,7200,0]
[21997,20,6900,0]
[19344,20,6600,0]
[8967,20,7300,0]
[24412,20,6800,0]
[7337,20,6100,0]
[17190,20,7700,0]
[6093,20,6400,0]
[18078,20,6800,0]
[3612,20,7100,0]
[8629,20,6700,0]
[9351,20,6600,0]
[30815,20,7400,0]
[19251,20,7200,0]
[27586,20,6900,0]
[9989,20,7200,0]
[36005,20,7700,0]
[35151,20,7400,0]
[19955,20,6100,0]
[15358,20,7200,0]
[3093,20,7000,0]
[9792,20,7300,0]
[33603,20,6900,0]
[23064,20,6900,0]
[31626,20,7200,0]
[34249,20,6500,0]
[35415,20,7400,0]
[32708,20,7200,0]
[27578,20,6800,0]
[37409,20,7800,0]
[304,20,7800,0]
[16861,20,6700,0]
[10230,20,7100,0]
[38891,20,7200,0]
[27456,20,6900,0]
[12775,20,7000,0]
[21722,20,6500,0]
[29375,20,7400,0]
[15759,20,6700,0]
[31654,20,6800,0]
[13085,20,6800,0]
[35214,20,7100,0]
[1867,20,6200,0]
[25759,20,7300,0]
[3362,20,7000,0]
[20708,20,7300,0]
[15764,20,6600,0]
[36827,20,7100,0]
[974,20,7400,0]
[2521,20,7500,0]
[38551,20,7200,0]
[39281,20,6500,0]
[677,20,6000,0]
[35676,20,7000,0]
[25754,20,7600,0]
[30245,20,6100,0]
[19598,20,8100,0]
[16461,20,7500,0]
[38952,20,7000,0]
[17712,20,6300,0]
[17296,20,7000,0]
[29112,20,7300,0]
[29572,20,6700,0]
[20210,20,7100,0]
[8355,20,6500,0]
[14482,20,7400,0]
[20639,20,6900,0]
[14796,20,6900,0]
[5419,20,7000,0]
[25129,20,7100,0]
[14986,20,6600,0]
[7747,20,7100,0]
[23896,20,7000,0]
[12899,20,7000,0]
[38462,20,7000,0]
[32980,20,7500,0]
[7863,20,7400,0]
[8553,20,6500,0]
[671,20,6700,0]
[14441,20,6400,0]
[7832,20,7600,0]
[21036,20,7600,0]
[22810,20,7400,0]
[11702,20,6700,0]
[32356,20,6500,0]
[24892,20,7200,0]
[958,20,6700,0]
[3863,20,6500,0]
[25917,20,7100,0]
[38206,20,7300,0]
[13720,20,7300,0]
[32110,20,6500,0]
[2095,20,6900,0]
[10914,20,7100,0]
[3811,20,7200,0]
[15154,20,6900,0]
[34340,20,6900,0]
[4082,20,6800,0]
[21150,20,6500,0]
[27877,20,6900,0]
[10008,20,7200,0]
[15359,20,7300,0]
[14303,20,7000,0]
[35980,20,6700,0]
[31005,20,7300,0]
[24124,20,6700,0]
[33172,20,7900,0]
[3381,20,7400,0]
[27062,20,7400,0]
[8366,20,7700,0]
[6802,20,6600,0]
[30600,20,7100,0]
[21170,20,6600,0]
[11424,20,7300,0]
[33355,20,7100,0]
[35956,20,6600,0]
[18791,20,7500,0]
[6476,20,7300,0]
[35607,20,6600,0]
[27254,20,7200,0]
[28893,20,6700,0]
[26405,20,7300,0]
[8395,20,7400,0]
[35050,20,7200,0]
[19425,20,7300,0]
[23887,20,7900,0]
[8768,20,6700,0]
[28874,20,6800,0]
[27777,20,7600,0]
[21250,20,6800,0]
[21613,20,7200,0]
[15041,20,6300,0]
[31782,20,7100,0]
[2585,20,7000,0]
[22635,20,6800,0]
[15472,20,6800,0]
[19872,20,7900,0]
[36281,20,7500,0]
[18256,20,7100,0]
[16310,20,7600,0]
[26631,20,7700,0]
[37516,20,7000,0]
[19482,20,6600,0]
[36625,20,7000,0]
[23471,20,7700,0]
[35122,20,6800,0]
[1335,20,6600,0]
[14089,20,7200,0]
[15717,20,6100,0]
[29900,20,7200,0]
[18468,20,7300,0]
[34516,20,7000,0]
[32180,20,5700,0]
[19009,20,7600,0]
[4812,20,6900,0]
[24112,20,7300,0]
[11059,20,7300,0]
[30359,20,6400,0]
[5583,20,7400,0]
[27843,20,7400,0]
[23712,20,6800,0]
[36995,20,7400,0]
[35271,20,6500,0]
[30465,20,7500,0]
[841,20,7600,0]
[12680,20,6400,0]
[26046,20,6500,0]
[36369,20,6100,0]
[646,20,7500,0]
[16231,20,6900,0]
[27218,20,6500,0]
[25653,20,7400,0]
[19787,20,6100,0]
[12168,20,7300,0]
[48,20,7600,0]
[17413,20,7000,0]
[13667,20,8300,0]
[28787,20,7800,0]
[37610,20,7300,0]
[21352,20,7700,0]
[8715,20,7100,0]
[34157,20,7400,0]
[37343,20,6600,0]
[38017,20,5500,0]
[17950,20,6700,0]
[21556,20,7200,0]
[6298,20,7100,0]
[9135,20,6900,0]
[38267,20,6700,0]
[1362,20,6000,0]
[4415,20,6400,0]
[34023,20,7400,0]
[20249,20,7200,0]
[32963,20,7300,0]
[5319,20,7000,0]
[32149,20,7900,0]
[1277,20,7400,0]
[13716,20,6000,0]
[9425,20,7200,0]
[11415,20,6500,0]
[35468,20,7700,0]
[30091,20,6600,0]
[38387,20,6300,0]
[640,20,6000,0]
[39557,20,6300,0]
[9820,20,6900,0]
[8219,20,7000,0]
[9976,20,6500,0]
[33192,20,6800,0]
[14994,20,7000,0]
[34904,20,7900,0]
[28069,20,7100,0]
[3461,20,7600,0]
[10077,20,6400,0]
[20575,20,7100,0]
[24816,20,7600,0]
[6697,20,6900,0]
[4767,20,7200,0]
[20418,20,7600,0]
[31078,20,7000,0]
[12833,20,6200,0]
[24784,20,6300,0]
[18009,20,7100,0]
[38776,20,7300,0]
[21249,20,5700,0]
[12139,20,6400,0]
[9672,20,7600,0]
[36000,20,7900,0]
[32029,20,7500,0]
[337,20,6800,0]
[19479,20,6700,0]
[16975,20,7300,0]
[35644,20,7100,0]
[32516,20,6400,0]
[15242,20,7100,0]
[34552,20,6300,0]
[24058,20,7300,0]
[14197,20,7300,0]
[9553,20,6800,0]
[29368,20,7100,0]
[12332,20,6600,0]
[8133,20,8400,0]
[31572,20,6500,0]
[36910,20,7200,0]
[9834,20,7600,0]
[17140,20,6700,0]
[6209,20,6300,0]
[11906,20,7200,0]
[20766,20,7100,0]
[18066,20,6300,0]
[37522,20,6600,0]
[2575,20,6900,0]
[17423,20,6500,0]
[28238,20,7100,0]
[36751,20,7500,0]
[29430,20,6900,0]
[22673,20,7400,0]
[11725,20,7800,0]
[39894,20,7600,0]
[10646,20,7500,0]
[23725,20,7400,0]
[30935,20,6500,0]
[28087,20,7400,0]
[14808,20,7100,0]
[38349,20,7500,0]
[19877,20,6900,0]
[11021,20,6900,0]
[36162,20,6900,0]
[30225,20,6400,0]
[20328,20,6000,0]
[4750,20,6700,0]
[32183,20,6700,0]
[12403,20,6700,0]
[27705,20,7000,0]
[16554,20,6300,0]
[3712,20,6500,0]
[28302,20,7500,0]
[21468,20,7200,0]
[34495,20,7300,0]
[12208,20,6900,0]
[17525,20,7700,0]
[29629,20,7100,0]
[6044,20,6000,0]
[10608,20,7400,0]
[10472,20,7400,0]
[5922,20,7000,0]
[14814,20,6100,0]
[17699,20,7800,0]
[14481,20,7200,0]
[21060,20,7600,0]
[36159,20,6000,0]
[21760,20,6600,0]
[21964,20,7600,0]
[14389,20,7500,0]
[19923,20,6700,0]
[26500,20,6500,0]
[36578,20,7000,0]
[4215,20,7100,0]
[10076,20,6600,0]
[28342,20,7100,0]
[16580,20,6800,0]
[34339,20,6000,0]
[869,20,8000,0]
[36059,20,7300,0]
[20404,20,7700,0]
[656,20,7900,0]
[30578,20,6800,0]
[33383,20,5900,0]
[6157,20,8000,0]
[26607,20,7700,0]
[26257,20,6900,0]
[16272,20,7100,0]
[16853,20,6700,0]
[19832,20,7400,0]
[6402,20,7400,0]
[34366,20,6900,0]
[7248,20,7200,0]
[20757,20,7200,0]
[31716,20,7100,0]
[11612,20,8000,0]
[15294,20,6100,0]
[24498,20,6700,0]
[25708,20,6900,0]
[27301,20,7000,0]
[9827,20,7200,0]
[30879,20,7500,0]
[4744,20,6500,0]
[37291,20,6800,0]
[12207,20,6800,0]
[27610,20,7700,0]
[3701,20,8100,0]
[34781,20,6700,0]
[31760,20,6500,0]
[16115,20,7100,0]
[13967,20,7400,0]
[23344,20,6500,0]
[13651,20,7100,0]
[8851,20,6300,0]
[30088,20,6100,0]
[678,20,7000,0]
[34790,20,6800,0]
[19699,20,7200,0]
[4311,20,7100,0]
[16381,20,7800,0]
[13159,20,7100,0]
[35052,20,7200,0]
[18904,20,7700,0]
[4060,20,7100,0]
[37913,20,7200,0]
[1164,20,7100,0]
[12331,20,7100,0]
[20050,20,7300,0]
[4524,20,6800,0]
[2803,20,7100,0]
[22482,20,7200,0]
[16692,20,7500,0]
[1387,20,7500,0]
[15264,20,7200,0]
[8337,20,8300,0]
[21219,20,6800,0]
[19504,20,7000,0]
[30379,20,6800,0]
[20317,20,8000,0]
[34572,20,7500,0]
[10643,20,6900,0]
[12174,20,7500,0]
[13551,20,7500,0]
[15476,20,6800,0]
[18758,20,7000,0]
[17548,20,6900,0]
