[18016,20,6400,0]
[6098,20,6800,0]
[4217,20,6700,0]
[39532,20,6600,0]
[38256,20,6500,0]
[29114,20,6900,0]
[13628,20,6700,0]
[5578,20,6500,0]
[22662,20,7000,0]
[39434,20,6900,0]
[15520,20,7200,0]
[21583,20,6700,0]
[36193,20,6800,0]
[21277,20,7000,0]
[1714,20,6600,0]
[28976,20,7200,0]
[28462,20,7700,0]
[33029,20,7500,0]
[35241,20,6800,0]
[23402,20,6200,0]
[10070,20,7400,0]
[24296,20,7200,0]
[39574,20,6800,0]
[18512,20,7200,0]
[7904,20,8100,0]
[28543,20,7600,0]
[2228,20,7400,0]
[34263,20,6300,0]
[17519,20,7500,0]
[30908,20,7100,0]
[38650,20,7300,0]
[37048,20,6500,0]
[13103,20,7500,0]
[33485,20,5900,0]
[32729,20,7300,0]
[10643,20,6900,0]
[14725,20,7200,0]
[11930,20,7000,0]
[16579,20,6600,0]
[5178,20,7600,0]
[7453,20,7000,0]
[16109,20,7200,0]
[17926,20,7400,0]
[9254,20,6700,0]
[32603,20,6900,0]
[31072,20,7500,0]
[32706,20,6600,0]
[12769,20,7200,0]
[31479,20,7200,0]
[22871,20,6700,0]
[35693,20,7100,0]
[18297,20,7500,0]
[5451,20,7000,0]
[23453,20,7300,0]
[14736,20,6600,0]
[30779,20,7900,0]
[10374,20,5600,0]
[24243,20,6100,0]
[29236,20,7300,0]
[39667,20,7500,0]
[2547,20,7400,0]
[19584,20,6900,0]
[4044,20,6400,0]
[21861,20,6900,0]
[35911,20,7300,0]
[8361,20,6100,0]
[4931,20,7000,0]
[24432,20,7200,0]
[26658,20,7500,0]
[8349,20,7700,0]
[8339,20,6700,0]
[5989,20,7200,0]
[23079,20,7000,0]
[19581,20,6700,0]
[22684,20,6700,0]
[35599,20,6600,0]
[15776,20,7500,0]
[34052,20,6700,0]
[18600,20,7800,0]
[21234,20,6300,0]
[2620,20,7300,0]
[11829,20,6100,0]
[11752,20,7300,0]
[24680,20,6600,0]
[12775,20,7000,0]
[16976,20,6400,0]
[6055,20,7500,0]
[26982,20,7000,0]
[34714,20,7700,0]
[16038,20,7600,0]
[24422,20,8000,0]
[30720,20,7800,0]
[12355,20,6900,0]
[30569,20,7400,0]
[8231,20,7900,0]
[3394,20,7400,0]
[33206,20,6500,0]
[17899,20,7500,0]
[467,20,6400,0]
[27528,20,7600,0]
[37362,20,7300,0]
[27471,20,7100,0]
[9693,20,7800,0]
[28975,20,7400,0]
[3387,20,7100,0]
[2984,20,7900,0]
[11151,20,8000,0]
[29765,20,6200,0]
[16348,20,7100,0]
[13264,20,7100,0]
[26344,20,5900,0]
[21405,20,7800,0]
[8481,20,6700,0]
[36397,20,7100,0]
[16145,20,6800,0]
[29010,20,5900,0]
[15803,20,7000,0]
[26164,20,7000,0]
[26475,20,7200,0]
[23384,20,6500,0]
[5411,20,6300,0]
[11294,20,6700,0]
[31089,20,6900,0]
[29214,20,6300,0]
[14268,20,6800,0]
[10807,20,6500,0]
[32993,20,7000,0]
[2493,20,6600,0]
[3310,20,6200,0]
[37701,20,6700,0]
[35786,20,7400,0]
[13041,20,6300,0]
[739,20,6500,0]
[17111,20,6800,0]
[29841,20,7000,0]
[32273,20,7800,0]
[32993,20,7000,0]
[7787,20,7100,0]
[18510,20,6500,0]
[10824,20,5800,0]
[18845,20,7400,0]
[22320,20,7900,0]
[13770,20,6900,0]
[17141,20,7400,0]
[11146,20,6800,0]
[1388,20,7100,0]
[36155,20,6600,0]
[10349,20,5900,0]
[26242,20,6700,0]
[13872,20,7100,0]
[3323,20,6700,0]
[5708,20,7500,0]
[28660,20,6800,0]
[20146,20,7200,0]
[26432,20,6600,0]
[6990,20,6800,0]
[1706,20,7600,0]
[10008,20,7200,0]
[2087,20,6800,0]
[22175,20,7000,0]
[35512,20,7700,0]
[18356,20,6400,0]
[9327,20,6400,0]
[18998,20,7000,0]
[23612,20,6700,0]
[26498,20,6900,0]
[23815,20,7100,0]
[9655,20,6600,0]
[18454,20,7000,0]
[39701,20,7400,0]
[34242,20,6900,0]
[33959,20,6800,0]
[26243,20,6600,0]
[10069,20,6500,0]
[5184,20,6700,0]
[19074,20,7200,0]
[27167,20,7200,0]
[6876,20,7200,0]
[32082,20,6700,0]
[11195,20,7400,0]
[31689,20,6200,0]
[39058,20,7400,0]
[10225,20,6400,0]
[31266,20,7800,0]
[19426,20,7000,0]
[10400,20,7500,0]
[28548,20,6200,0]
[29545,20,6700,0]
[11528,20,8400,0]
[34794,20,7200,0]
[35445,20,7200,0]
[5709,20,7000,0]
[16652,20,6300,0]
[20861,20,7100,0]
[17185,20,6500,0]
[28632,20,7700,0]
[29230,20,7500,0]
[23704,20,7300,0]
[38605,20,6900,0]
[21499,20,6000,0]
[3886,20,6100,0]
[11099,20,7500,0]
[25469,20,6800,0]
[26945,20,6600,0]
[37458,20,7000,0]
[37661,20,6800,0]
[6252,20,6300,0]
[1465,20,6500,0]
[26546,20,7200,0]
[37756,20,7200,0]
[19656,20,6200,0]
[15839,20,6800,0]
[31151,20,6700,0]
[20857,20,7400,0]
[38413,20,6900,0]
[32672,20,7500,0]
[13636,20,7200,0]
[29854,20,6500,0]
[32780,20,7100,0]
[22301,20,6700,0]
[14828,20,7100,0]
[39423,20,6800,0]
[38398,20,7200,0]
[25078,20,7300,0]
[4143,20,6200,0]
[21583,20,6700,0]
[9043,20,7800,0]
[6830,20,7100,0]
[31001,20,7600,0]
[35174,20,6700,0]
[14550,20,6900,0]
[24273,20,6300,0]
[7505,20,7400,0]
[26052,20,6000,0]
[9679,20,7000,0]
[11781,20,7500,0]
[16079,20,8000,0]
[13862,20,6900,0]
[15844,20,5900,0]
[12138,20,6900,0]
[19253,20,6700,0]
[25557,20,6700,0]
[17372,20,7100,0]
[28993,20,7400,0]
[23312,20,7200,0]
[19925,20,7700,0]
[15833,20,6400,0]
[5364,20,7400,0]
[16682,20,7000,0]
[22013,20,7300,0]
[9766,20,6800,0]
[20153,20,6300,0]
[37920,20,6600,0]
[17962,20,7400,0]
[11902,20,7100,0]
[11595,20,6900,0]
[2315,20,6900,0]
[9031,20,7200,0]
[33093,20,5900,0]
[12446,20,7000,0]
[35815,20,7400,0]
[19048,20,7200,0]
[39132,20,7400,0]
[17257,20,6900,0]
[24719,20,6600,0]
[6630,20,6500,0]
[25869,20,7100,0]
[21909,20,6200,0]
[2072,20,8000,0]
[24095,20,6800,0]
[17856,20,7200,0]
[4164,20,7200,0]
[26808,20,6800,0]
[5487,20,5600,0]
[8522,20,7300,0]
[549,20,7100,0]
[34414,20,6000,0]
[22172,20,6400,0]
[1187,20,5500,0]
[36749,20,6200,0]
[21857,20,6700,0]
[1385,20,6800,0]
[8950,20,6100,0]
[10784,20,6300,0]
[24417,20,7400,0]
[36296,20,7100,0]
[31010,20,6900,0]
[5946,20,7400,0]
[37642,20,6600,0]
[5432,20,6400,0]
[32740,20,6100,0]
[22311,20,7200,0]
[33373,20,8100,0]
[2844,20,7500,0]
[10623,20,7100,0]
[23756,20,7100,0]
[15880,20,7400,0]
[4206,20,7200,0]
[24696,20,7400,0]
[24526,20,6200,0]
[36505,20,7600,0]
[18858,20,6900,0]
[38851,20,6900,0]
[10353,20,7300,0]
[21910,20,5900,0]
[8932,20,7100,0]
[22313,20,7000,0]
[19238,20,7500,0]
[3614,20,7100,0]
[28615,20,7900,0]
[36499,20,6500,0]
[31420,20,6200,0]
[723,20,7500,0]
[12181,20,7700,0]
[28858,20,6800,0]
[20008,20,6800,0]
[12060,20,7700,0]
[28467,20,7100,0]
[16103,20,7100,0]
[34525,20,6800,0]
[25632,20,7600,0]
[6027,20,7000,0]
[9943,20,6900,0]
[21953,20,6500,0]
[6608,20,6600,0]
[13967,20,7400,0]
[27555,20,7000,0]
[107,20,6600,0]
[16748,20,7100,0]
[6532,20,6200,0]
[14881,20,6700,0]
[14072,20,6100,0]
[37033,20,6500,0]
[293,20,6500,0]
[6974,20,6900,0]
[6569,20,6100,0]
[11614,20,7700,0]
[11580,20,6600,0]
[21650,20,6800,0]
[11858,20,5900,0]
[38312,20,7500,0]
[38496,20,6900,0]
[18338,20,7400,0]
[2455,20,6300,0]
[22111,20,6800,0]
[33465,20,6800,0]
[12959,20,6600,0]
[26361,20,6800,0]
[7122,20,6600,0]
[39730,20,6400,0]
[20964,20,6400,0]
[28529,20,7400,0]
[35426,20,6600,0]
[24743,20,7300,0]
[24815,20,7300,0]
[2519,20,5600,0]
[11702,20,6700,0]
[29941,20,6400,0]
[34016,20,8200,0]
[9993,20,6900,0]
[36199,20,6600,0]
[4111,20,6900,0]
[9362,20,6600,0]
[34485,20,6900,0]
[29227,20,7400,0]
[37939,20,7100,0]
[35014,20,6400,0]
[12082,20,6500,0]
[25934,20,7900,0]
[38928,20,6700,0]
[23842,20,7100,0]
[4884,20,7400,0]
[24864,20,6300,0]
[8451,20,7300,0]
[4374,20,7100,0]
[8892,20,6800,0]
[9853,20,7600,0]
[9985,20,6600,0]
[20460,20,7200,0]
[2472,20,7300,0]
[35971,20,7600,0]
[17990,20,7400,0]
[24196,20,6600,0]
[27599,20,7000,0]
[4524,20,6800,0]
[958,20,6700,0]
[8123,20,6700,0]
[39909,20,7200,0]
[17483,20,6800,0]
[25580,20,6800,0]
[2972,20,6700,0]
[35086,20,6600,0]
[33844,20,6700,0]
[5833,20,7400,0]
[5644,20,7300,0]
[9233,20,7200,0]
[29697,20,7000,0]
[20739,20,7400,0]
[8416,20,7500,0]
[6973,20,7200,0]
[3662,20,7200,0]
[31690,20,7200,0]
[5004,20,7400,0]
[15106,20,6700,0]
[515,20,7000,0]
[9506,20,6500,0]
[30470,20,7200,0]
[37058,20,7400,0]
[2412,20,6300,0]
[9971,20,6500,0]
[20875,20,7100,0]
[14212,20,7400,0]
[7928,20,7000,0]
[28949,20,7000,0]
[22823,20,6700,0]
[3670,20,7300,0]
[28893,20,6700,0]
[2095,20,6900,0]
[34788,20,7200,0]
[34088,20,6700,0]
[9584,20,6800,0]
[9673,20,7400,0]
[15517,20,7500,0]
[6618,20,7100,0]
[34394,20,6900,0]
[11575,20,7300,0]
[36708,20,7400,0]
[25034,20,6600,0]
[19605,20,6600,0]
[9560,20,6200,0]
[15918,20,7000,0]
[26144,20,6900,0]
[27629,20,6800,0]
[30948,20,6800,0]
[35227,20,6100,0]
[36876,20,7400,0]
[6469,20,7200,0]
[3108,20,7200,0]
[30557,20,7200,0]
[7188,20,6800,0]
[15503,20,6800,0]
[24506,20,7500,0]
[4198,20,7200,0]
[23953,20,7200,0]
[7969,20,7800,0]
[10216,20,7000,0]
[26293,20,7000,0]
[32109,20,7100,0]
[18034,20,7200,0]
[27860,20,7300,0]
[1191,20,6700,0]
[31388,20,7000,0]
[22711,20,7100,0]
[15170,20,7700,0]
[3882,20,6900,0]
[31779,20,6600,0]
[12785,20,6500,0]
[37981,20,6600,0]
[26486,20,7000,0]
[23935,20,6700,0]
[13118,20,7200,0]
[21648,20,7200,0]
[36207,20,7900,0]
[11249,20,6800,0]
[3852,20,7700,0]
[3863,20,6500,0]
[18207,20,8200,0]
[4867,20,6900,0]
[17568,20,7800,0]
[6410,20,7300,0]
[37689,20,7300,0]
[16820,20,8100,0]
[25820,20,6800,0]
[9874,20,6400,0]
[35791,20,7200,0]
[28016,20,7100,0]
[16735,20,7700,0]
[25257,20,7200,0]
[8462,20,6900,0]
[18579,20,7200,0]
[9717,20,7600,0]
[36206,20,6600,0]
[34350,20,6700,0]
[21562,20,6500,0]
[10561,20,6200,0]
[32167,20,7600,0]
[14109,20,7600,0]
[25490,20,6500,0]
[16579,20,6600,0]
[8661,20,6800,0]
[16483,20,6600,0]
[19752,20,6600,0]
[16188,20,6400,0]
[19819,20,7400,0]
[4793,20,6900,0]
[20871,20,6200,0]
[23391,20,6900,0]
[9326,20,6100,0]
[17242,20,6200,0]
[30132,20,7600,0]
