[33248,20,6700,0]
[1922,20,6600,0]
[20830,20,7500,0]
[30172,20,7200,0]
[17314,20,7600,0]
[23555,20,6600,0]
[26365,20,7300,0]
[18279,20,6900,0]
[11663,20,7500,0]
[29978,20,6900,0]
[461,20,6700,0]
[711,20,7100,0]
[30495,20,8400,0]
[8914,20,7100,0]
[33955,20,7200,0]
[8181,20,7700,0]
[12276,20,6200,0]
[39888,20,6400,0]
[21395,20,6600,0]
[3491,20,6500,0]
[24256,20,6200,0]
[7701,20,7300,0]
[28844,20,6300,0]
[15309,20,7300,0]
[766,20,7200,0]
[35792,20,6900,0]
[5576,20,6800,0]
[31955,20,7500,0]
[6477,20,7000,0]
[2639,20,6500,0]
[38012,20,6800,0]
[6239,20,7700,0]
[6276,20,6900,0]
[32316,20,6800,0]
[3251,20,8000,0]
[1228,20,7700,0]
[21283,20,6800,0]
[34351,20,7600,0]
[29358,20,7600,0]
[5813,20,6700,0]
[36316,20,7100,0]
[27524,20,6600,0]
[30319,20,7000,0]
[5706,20,7400,0]
[39791,20,6900,0]
[26104,20,7800,0]
[12684,20,7700,0]
[13768,20,7200,0]
[32400,20,6200,0]
[5316,20,7000,0]
[29523,20,7500,0]
[38831,20,7600,0]
[20566,20,6400,0]
[22473,20,6700,0]
[2679,20,5800,0]
[10085,20,7200,0]
[6589,20,7500,0]
[29499,20,6200,0]
[10306,20,7100,0]
[6172,20,7100,0]
[33420,20,6400,0]
[33779,20,7400,0]
[29108,20,6800,0]
[11887,20,7300,0]
[27118,20,7000,0]
[26719,20,5900,0]
[12962,20,6800,0]
[35378,20,7300,0]
[9808,20,6900,0]
[14983,20,7100,0]
[7149,20,6900,0]
[16031,20,6800,0]
[18990,20,7100,0]
[33502,20,7500,0]
[946,20,7200,0]
[21042,20,7700,0]
[16148,20,7500,0]
[26804,20,6200,0]
[12365,20,5900,0]
[28142,20,6800,0]
[37568,20,6800,0]
[11950,20,6600,0]
[37767,20,6800,0]
[22682,20,6500,0]
[19934,20,7000,0]
[24977,20,7000,0]
[4594,20,7500,0]
[6650,20,6400,0]
[4944,20,6700,0]
[23155,20,7400,0]
[38978,20,7800,0]
[27977,20,7500,0]
[25529,20,7100,0]
[32332,20,6900,0]
[6561,20,5900,0]
[8577,20,6700,0]
[13956,20,7500,0]
[7796,20,7400,0]
[16794,20,7200,0]
[34688,20,5300,0]
[29920,20,7400,0]
[27977,20,7500,0]
[31871,20,7700,0]
[39945,20,7600,0]
[29859,20,7000,0]
[10977,20,7200,0]
[8618,20,6700,0]
[25557,20,6700,0]
[38381,20,7100,0]
[22028,20,7300,0]
[17661,20,6600,0]
[8675,20,7400,0]
[10654,20,7300,0]
[28450,20,6900,0]
[9497,20,7000,0]
[20372,20,7500,0]
[2819,20,6800,0]
[35668,20,6500,0]
[31427,20,6400,0]
[28790,20,6500,0]
[16121,20,6300,0]
[8230,20,7400,0]
[8508,20,7400,0]
[15712,20,7100,0]
[39604,20,6600,0]
[14247,20,6900,0]
[21263,20,7200,0]
[34072,20,5800,0]
[20986,20,7300,0]
[28096,20,7100,0]
[37300,20,7100,0]
[31393,20,7200,0]
[21767,20,6800,0]
[20699,20,5800,0]
[33552,20,6800,0]
[29633,20,7500,0]
[32977,20,7300,0]
[38195,20,7400,0]
[8345,20,6500,0]
[34984,20,7300,0]
[10164,20,6200,0]
[39352,20,6900,0]
[10527,20,7200,0]
[9655,20,6600,0]
[23215,20,6700,0]
[24478,20,6700,0]
[27245,20,7000,0]
[27701,20,6900,0]
[17325,20,6900,0]
[9082,20,7400,0]
[16745,20,7100,0]
[15567,20,6800,0]
[9905,20,8100,0]
[2943,20,7500,0]
[27546,20,7200,0]
[23356,20,6200,0]
[286,20,7200,0]
[32249,20,7700,0]
[16885,20,6700,0]
[19187,20,6300,0]
[29010,20,5900,0]
[11788,20,6000,0]
[17880,20,7300,0]
[26781,20,6900,0]
[9954,20,5700,0]
[16759,20,6400,0]
[35134,20,7800,0]
[36032,20,7600,0]
[37031,20,7000,0]
[2751,20,6800,0]
[18875,20,7500,0]
[5521,20,7200,0]
[10019,20,6400,0]
[3352,20,7200,0]
[27345,20,6900,0]
[30573,20,7200,0]
[7151,20,7600,0]
[26147,20,7100,0]
[1148,20,6500,0]
[28157,20,7700,0]
[764,20,6500,0]
[6543,20,7000,0]
[25444,20,7300,0]
[8812,20,7000,0]
[3273,20,8000,0]
[34911,20,7500,0]
[28141,20,6800,0]
[6093,20,6400,0]
[1260,20,7100,0]
[30966,20,7000,0]
[3426,20,6700,0]
[25729,20,6000,0]
[15422,20,6900,0]
[456,20,7100,0]
[19474,20,6900,0]
[28868,20,7000,0]
[24061,20,7100,0]
[10843,20,7100,0]
[29354,20,7100,0]
[30793,20,7500,0]
[31096,20,6800,0]
[23923,20,7200,0]
[29415,20,7200,0]
[20389,20,7200,0]
[16859,20,7500,0]
[25084,20,7200,0]
[7655,20,6300,0]
[962,20,6900,0]
[6421,20,7500,0]
[25218,20,7000,0]
[19863,20,7400,0]
[23900,20,6300,0]
[13303,20,7000,0]
[14545,20,6900,0]
[22500,20,6300,0]
[15869,20,7100,0]
[19418,20,6800,0]
[295,20,7400,0]
[33385,20,7500,0]
[22555,20,7100,0]
[33212,20,6400,0]
[38757,20,7700,0]
[16258,20,6200,0]
[10107,20,6600,0]
[10688,20,6500,0]
[14232,20,6300,0]
[12827,20,7200,0]
[1905,20,8100,0]
[31874,20,7100,0]
[33099,20,6800,0]
[1173,20,7100,0]
[20617,20,6800,0]
[37244,20,7400,0]
[29430,20,6900,0]
[5338,20,6700,0]
[21948,20,7100,0]
[30351,20,6500,0]
[28426,20,7700,0]
[35708,20,6700,0]
[20048,20,6900,0]
[8059,20,7300,0]
[10375,20,6800,0]
[35302,20,6400,0]
[36255,20,7300,0]
[11932,20,6600,0]
[5514,20,7300,0]
[32478,20,6300,0]
[29793,20,7500,0]
[27653,20,8300,0]
[24020,20,6300,0]
[34630,20,7400,0]
[36209,20,7000,0]
[8135,20,6200,0]
[13530,20,7400,0]
[31235,20,6500,0]
[7959,20,6400,0]
[8956,20,7100,0]
[13205,20,6000,0]
[22436,20,6900,0]
[21948,20,7100,0]
[16215,20,5500,0]
[12029,20,7300,0]
[36380,20,7600,0]
[25420,20,7200,0]
[14301,20,6300,0]
[31432,20,7400,0]
[35659,20,7000,0]
[2376,20,7100,0]
[20297,20,6600,0]
[92,20,7700,0]
[495,20,6500,0]
[14613,20,7500,0]
[9522,20,7200,0]
[34966,20,7600,0]
[17667,20,7800,0]
[28262,20,7000,0]
[28267,20,7000,0]
[16890,20,7100,0]
[35985,20,7700,0]
[32758,20,6400,0]
[36654,20,7100,0]
[27972,20,6600,0]
[5987,20,6900,0]
[20612,20,7200,0]
[32570,20,6900,0]
[35039,20,6800,0]
[15556,20,7800,0]
[17859,20,7000,0]
[36045,20,7500,0]
[873,20,7200,0]
[9546,20,5800,0]
[9271,20,7200,0]
[604,20,6000,0]
[34906,20,7500,0]
[27953,20,6900,0]
[26196,20,7200,0]
[7954,20,7400,0]
[2720,20,6500,0]
[30317,20,7200,0]
[39270,20,7500,0]
[10401,20,6700,0]
[38365,20,7300,0]
[2193,20,6100,0]
[33198,20,6600,0]
[11010,20,7000,0]
[21901,20,6800,0]
[5984,20,7200,0]
[34425,20,6600,0]
[36520,20,6300,0]
[23180,20,8300,0]
[4606,20,7100,0]
[26753,20,6900,0]
[28036,20,5900,0]
[29722,20,6600,0]
[20474,20,6600,0]
[2327,20,6400,0]
[37145,20,7200,0]
[8324,20,6800,0]
[36973,20,7100,0]
[7846,20,6400,0]
[19929,20,6900,0]
[380,20,7200,0]
[25082,20,5600,0]
[36178,20,6600,0]
[24160,20,6800,0]
[12376,20,7000,0]
[13634,20,6600,0]
[30040,20,6500,0]
[11838,20,6600,0]
[28208,20,6500,0]
[13555,20,6300,0]
[27857,20,7100,0]
[9330,20,7100,0]
[14127,20,7700,0]
[28566,20,6700,0]
[30505,20,7000,0]
[20238,20,7500,0]
[22823,20,6700,0]
[30281,20,7300,0]
[20652,20,6800,0]
[23878,20,6800,0]
[10897,20,6800,0]
[3556,20,6700,0]
[37292,20,7300,0]
[681,20,6200,0]
[23,20,6800,0]
[23925,20,6700,0]
[13100,20,7700,0]
[13408,20,6800,0]
[25147,20,7000,0]
[30609,20,6000,0]
[28929,20,7100,0]
[23293,20,7300,0]
[20732,20,6600,0]
[431,20,6100,0]
[33904,20,6800,0]
[38420,20,6800,0]
[11278,20,7400,0]
[34624,20,6400,0]
[985,20,6800,0]
[18516,20,7100,0]
[27834,20,7400,0]
[28335,20,7700,0]
[17408,20,7100,0]
[13268,20,6900,0]
[16370,20,7500,0]
[29352,20,7500,0]
[16757,20,7500,0]
[18507,20,7000,0]
[4681,20,6900,0]
[25636,20,7700,0]
[30226,20,6600,0]
[881,20,6300,0]
[7637,20,6700,0]
[29946,20,6900,0]
[4258,20,7500,0]
[14481,20,7200,0]
[31496,20,7200,0]
[38104,20,7200,0]
[32949,20,7600,0]
[2013,20,6900,0]
[29179,20,7000,0]
[29000,20,6900,0]
[24691,20,7700,0]
[21764,20,7200,0]
[21059,20,7500,0]
[12865,20,6500,0]
[21758,20,7100,0]
[11047,20,7500,0]
[26350,20,7400,0]
[8712,20,6600,0]
[728,20,6700,0]
[6674,20,6700,0]
[6135,20,7200,0]
[6212,20,7500,0]
[19362,20,7600,0]
[19536,20,6600,0]
[37104,20,7200,0]
[2455,20,6300,0]
[15190,20,7200,0]
[30440,20,7600,0]
[2990,20,6800,0]
[33650,20,7000,0]
[24787,20,6900,0]
[27518,20,7500,0]
[21177,20,6600,0]
[37963,20,6600,0]
[35623,20,6900,0]
[28930,20,5800,0]
[3688,20,7500,0]
[15637,20,7100,0]
[26932,20,6800,0]
[7411,20,7300,0]
[18427,20,6700,0]
[10536,20,6800,0]
[4065,20,7900,0]
[5581,20,7000,0]
[38621,20,6900,0]
[6418,20,6500,0]
[6184,20,6700,0]
[3777,20,6700,0]
[10739,20,6200,0]
[22753,20,6800,0]
[25237,20,6700,0]
[39004,20,7200,0]
[2856,20,7000,0]
[30711,20,6600,0]
[3853,20,6700,0]
[30326,20,7000,0]
[38934,20,7500,0]
[660,20,7600,0]
[8557,20,6400,0]
[37402,20,7300,0]
[39618,20,7100,0]
[11891,20,7200,0]
[22264,20,7000,0]
[27098,20,6400,0]
[23332,20,7300,0]
[38921,20,6800,0]
[19752,20,6600,0]
[7405,20,7400,0]
[33820,20,7400,0]
[33520,20,6900,0]
[14281,20,6500,0]
[20797,20,6800,0]
[11544,20,7300,0]
[37182,20,7000,0]
[34511,20,7200,0]
[2917,20,6600,0]
[30720,20,7800,0]
[16568,20,6900,0]
[37968,20,6800,0]
[6045,20,7100,0]
[1646,20,7500,0]
[11456,20,7600,0]
[3064,20,6800,0]
[39313,20,6700,0]
[8307,20,7200,0]
[31673,20,6900,0]
[27081,20,8000,0]
[35460,20,7000,0]
[9377,20,6100,0]
[7307,20,6800,0]
[25706,20,5400,0]
[23870,20,7200,0]
[138,20,6700,0]
[31316,20,6700,0]
[25043,20,6800,0]
[24212,20,7400,0]
[16898,20,8000,0]
[15792,20,6200,0]
[26548,20,6700,0]
[18585,20,6600,0]
[9963,20,7600,0]
[29813,20,5900,0]
[37245,20,7800,0]
[31289,20,6300,0]
[14976,20,7600,0]
[31784,20,7000,0]
[24916,20,6900,0]
[10260,20,7400,0]
[27497,20,7600,0]
[7553,20,7000,0]
[2080,20,7200,0]
[25713,20,7500,0]
[19317,20,7400,0]
[3190,20,7500,0]
[11971,20,7900,0]
[26060,20,6700,0]
[1311,20,7000,0]
[20012,20,7300,0]
[27451,20,7000,0]
[13122,20,7100,0]
[13527,20,6100,0]
[22387,20,6700,0]
[3217,20,7400,0]
[19198,20,6700,0]
[21457,20,7300,0]
[15659,20,7300,0]
[24165,20,7500,0]
