[9236,20,8000,4]
[38327,20,7600,2]
[36696,20,7300,2]
[32003,20,6200,2]
[26771,20,7100,4]
[21052,20,6800,2]
[6009,20,7400,2]
[20294,20,7200,2]
[5085,20,7600,2]
[26139,20,6800,4]
[36836,20,7000,3]
[23360,20,6400,2]
[28014,20,7100,2]
[26272,20,6500,4]
[9789,20,7400,2]
[34567,20,7400,4]
[29281,20,6800,2]
[9061,20,7500,2]
[10489,20,7500,2]
[7831,20,7000,4]
[26166,20,6700,2]
[1711,20,8100,2]
[13195,20,6600,4]
[302,20,7500,2]
[39080,20,7700,2]
[31187,20,6500,2]
[24556,20,7200,4]
[15289,20,6400,3]
[6697,20,6900,4]
[11439,20,7500,2]
[29757,20,6900,2]
[15345,20,7300,4]
[22312,20,7000,6]
[3074,20,7600,2]
[9461,20,7700,6]
[27840,20,7000,2]
[6408,20,7200,2]
[12579,20,6800,2]
[36403,20,6400,2]
[17694,20,6800,2]
[39825,20,6200,3]
[26979,20,6400,2]
[29568,20,8000,2]
[19401,20,7100,2]
[17895,20,6200,2]
[4088,20,6700,2]
[14184,20,7100,2]
[37600,20,6400,2]
[5862,20,6600,2]
[31279,20,7000,2]
[12780,20,7200,2]
[4065,20,7900,4]
[14936,20,7000,2]
[3859,20,7100,2]
[31689,20,6200,4]
[14454,20,7600,2]
[7635,20,6600,2]
[10177,20,7200,2]
[24665,20,6800,4]
[36908,20,6900,2]
[31617,20,6800,4]
[37296,20,7900,4]
[6491,20,6900,4]
[4870,20,6900,2]
[38126,20,6900,2]
[1038,20,7900,2]
[34509,20,7300,2]
[35270,20,7400,3]
[19984,20,7000,4]
[3892,20,7300,2]
[18495,20,7300,2]
[4976,20,7100,4]
[36960,20,6600,3]
[29752,20,6300,2]
[10011,20,7000,2]
[13111,20,7100,8]
[25376,20,6700,4]
[35729,20,7300,2]
[38952,20,7000,6]
[33186,20,6500,2]
[35140,20,7400,2]
[5729,20,7000,2]
[29408,20,7000,2]
[39004,20,7200,4]
[5381,20,6900,4]
[8479,20,6200,2]
[4695,20,6400,2]
[15853,20,7100,2]
[36934,20,6200,2]
[27485,20,7400,5]
[9998,20,6600,2]
[962,20,6900,6]
[36856,20,7300,4]
[31993,20,7000,2]
[11888,20,6400,2]
[4421,20,7300,2]
[36145,20,7400,4]
[6300,20,8000,2]
[23743,20,7000,2]
[32466,20,7700,2]
[15523,20,6800,2]
[26265,20,6600,2]
[37881,20,7200,2]
[17232,20,7100,2]
[34527,20,7300,2]
[32448,20,7500,2]
[18088,20,7100,2]
[4540,20,6400,2]
[2494,20,7300,2]
[14066,20,6000,4]
[24911,20,6700,2]
[29009,20,7800,2]
[28906,20,8000,2]
[18465,20,6600,2]
[12712,20,7800,2]
[26310,20,7300,2]
[20233,20,7200,2]
[21407,20,6300,4]
[9731,20,6800,4]
[1535,20,7700,2]
[26270,20,6900,4]
[9086,20,6600,2]
[33303,20,5900,2]
[18297,20,7500,8]
[10288,20,7600,2]
[8999,20,8000,2]
[10052,20,7300,2]
[27881,20,6400,2]
[17288,20,7500,2]
[16108,20,7400,4]
[12128,20,6700,2]
[16147,20,6700,2]
[34645,20,6000,4]
[9140,20,7000,2]
[31824,20,8000,2]
[9487,20,7000,2]
[14260,20,8000,2]
[725,20,7700,6]
[18421,20,7200,2]
[31436,20,7200,2]
[9232,20,6100,2]
[19544,20,6400,2]
[17364,20,6400,2]
[25701,20,6500,2]
[2256,20,7400,2]
[37716,20,6400,4]
[23537,20,6100,2]
[19853,20,7000,2]
[10101,20,6800,2]
[27607,20,7500,2]
[8384,20,6800,2]
[27639,20,6500,4]
[35095,20,6800,2]
[26908,20,6100,2]
[23528,20,6600,3]
[33834,20,6500,2]
[22242,20,7600,2]
[26927,20,6000,2]
[21116,20,7600,2]
[25275,20,6500,2]
[22894,20,7600,2]
[1501,20,7000,4]
[20554,20,7200,2]
[1329,20,7200,2]
[6545,20,7100,2]
[14757,20,7900,2]
[9281,20,7700,2]
[18669,20,6600,2]
[37871,20,7400,2]
[23711,20,7400,2]
[33395,20,7100,2]
[4431,20,7300,2]
[6155,20,6600,2]
[39466,20,6200,4]
[36866,20,7800,4]
[13228,20,6900,6]
[13905,20,7500,2]
[6049,20,6800,2]
[4288,20,7200,2]
[36577,20,7300,2]
[14910,20,7500,2]
[1197,20,6800,2]
[31304,20,7100,2]
[20958,20,6900,2]
[15210,20,6800,3]
[28135,20,6700,4]
[34350,20,6700,4]
[20240,20,7700,2]
[3916,20,6000,2]
[29586,20,6300,2]
[16732,20,6500,6]
[7456,20,6700,2]
[2743,20,6400,2]
[32863,20,6400,2]
[33682,20,7900,2]
[35979,20,6800,2]
[20918,20,6300,4]
[32743,20,7800,2]
[34303,20,6600,2]
[24651,20,6300,2]
[20836,20,7200,2]
[6041,20,7100,2]
[16128,20,7600,2]
[13685,20,7400,2]
[27695,20,7400,4]
[31076,20,6900,2]
[23633,20,6900,2]
[5604,20,6600,2]
[27480,20,7500,2]
[23472,20,7500,5]
[36960,20,6600,4]
[18256,20,7100,4]
[9289,20,7000,2]
[21536,20,7000,2]
[27576,20,6200,2]
[36237,20,7600,2]
[27444,20,7000,2]
[2745,20,6500,2]
[28240,20,7400,4]
[182,20,7200,2]
[37619,20,7800,2]
[23528,20,6600,4]
[25656,20,6500,2]
[34092,20,7100,3]
[17705,20,7300,2]
[3076,20,7000,2]
[29764,20,6800,2]
[13592,20,7100,4]
[15168,20,6800,6]
[13207,20,6200,2]
[16944,20,6800,2]
[964,20,7000,2]
[18688,20,5800,2]
[13897,20,7300,2]
[27372,20,6900,2]
[3999,20,5900,4]
[5035,20,7300,2]
[8011,20,7200,4]
[25443,20,7200,6]
[5212,20,6800,2]
[20613,20,7800,2]
[20263,20,6800,2]
[3067,20,6400,2]
[38954,20,6200,4]
[12681,20,6600,2]
[2209,20,6200,2]
[4430,20,7400,2]
[14136,20,6900,4]
[953,20,6000,2]
[20152,20,6900,2]
[11519,20,6500,2]
[29242,20,7200,4]
[25211,20,6900,2]
[33121,20,8100,2]
[17407,20,8000,2]
[27524,20,6600,4]
[34092,20,7100,4]
[25895,20,6600,2]
[18998,20,7000,4]
[36585,20,7200,2]
[32089,20,7200,2]
[19435,20,6800,2]
[26054,20,6800,2]
[23887,20,7900,4]
[23662,20,7100,4]
[13996,20,7100,2]
[10390,20,6900,2]
[28666,20,7100,2]
[19677,20,7400,2]
[1269,20,6900,2]
[20948,20,6500,4]
[3401,20,7200,2]
[11057,20,8000,4]
[15312,20,6100,4]
[11410,20,6900,2]
[17618,20,6600,4]
[10677,20,6800,2]
[12169,20,6900,2]
[15210,20,6800,4]
[35212,20,6600,4]
[3554,20,7700,2]
[3985,20,6500,4]
[26671,20,6300,2]
[38873,20,7100,2]
[29104,20,6800,2]
[1034,20,6600,4]
[9919,20,6700,4]
[23090,20,7300,4]
[3765,20,7200,2]
[19536,20,6600,4]
[34505,20,6700,2]
[14262,20,7100,2]
[12237,20,7300,2]
[13547,20,7200,6]
[9728,20,6300,2]
[36552,20,6600,2]
[31385,20,6400,2]
[24689,20,5800,2]
[16003,20,6500,2]
[7849,20,6900,2]
[24479,20,6300,2]
[12489,20,7400,4]
[35983,20,7200,2]
[10612,20,5700,2]
[31155,20,7200,4]
[16866,20,7200,2]
[24058,20,7300,4]
[4456,20,7400,6]
[26826,20,6400,2]
[7109,20,6500,2]
[18971,20,6900,2]
[4549,20,7500,6]
[13157,20,6800,2]
[22536,20,7100,2]
[36903,20,6800,6]
[5224,20,6400,2]
[9898,20,7300,3]
[33670,20,8000,2]
[590,20,7700,2]
[20194,20,7100,6]
[16284,20,7400,4]
[27606,20,7000,2]
[21842,20,7400,2]
[38402,20,7400,2]
[5583,20,7400,4]
[35371,20,7200,2]
[34758,20,6400,2]
[33137,20,6500,2]
[39129,20,6400,2]
[25700,20,7500,2]
[21110,20,5800,3]
[36836,20,7000,4]
[2871,20,6200,2]
[38213,20,6400,2]
[17812,20,5900,2]
[3288,20,6900,2]
[32090,20,7500,2]
[26226,20,6500,2]
[30984,20,7700,4]
[16917,20,6800,2]
[2380,20,6900,2]
[4996,20,7400,2]
[17120,20,7600,4]
[25503,20,7600,2]
[8837,20,6500,2]
[30102,20,7100,2]
[14122,20,6200,2]
[32674,20,7000,2]
[12010,20,7400,2]
[36760,20,7000,4]
[23716,20,6400,4]
[5075,20,7700,2]
[24334,20,6400,2]
[3252,20,6900,2]
[37126,20,8100,2]
[26560,20,6300,2]
[2289,20,7000,4]
[8644,20,7000,2]
[5898,20,6600,2]
[6546,20,7600,4]
[19383,20,6800,2]
[33542,20,7500,4]
[22530,20,7300,2]
[9177,20,7100,2]
[25671,20,7200,2]
[15959,20,6200,4]
[13978,20,6800,2]
[34531,20,7000,4]
[16994,20,6900,2]
[25038,20,7500,2]
[25248,20,6500,2]
[19973,20,7200,2]
[8940,20,6700,2]
[5757,20,6200,2]
[23517,20,7000,2]
[17307,20,7100,2]
[33198,20,6600,4]
[32938,20,6800,2]
[39255,20,6500,2]
[25403,20,5600,2]
[32016,20,6800,2]
[6596,20,6700,4]
[10240,20,6800,2]
[30002,20,8000,2]
[15452,20,6500,2]
[18431,20,7500,2]
[33188,20,7600,4]
[9341,20,6900,3]
[27993,20,6600,2]
[3391,20,6700,4]
[1395,20,7300,4]
[37969,20,7000,2]
[17873,20,7700,4]
[52,20,7300,2]
[21255,20,6400,4]
[3750,20,6100,2]
[10350,20,6800,2]
[11381,20,6700,2]
[29556,20,6400,4]
[38616,20,7600,2]
[18212,20,7300,2]
[7287,20,8000,4]
[33331,20,7900,2]
[9340,20,6900,4]
[16965,20,6000,4]
[26501,20,6800,2]
[9240,20,6800,2]
[28122,20,7400,4]
[36846,20,6900,6]
[33183,20,6700,2]
[33253,20,6000,4]
[24455,20,7100,2]
[2322,20,6900,4]
[38094,20,7600,2]
[11886,20,6800,4]
[20681,20,6500,2]
[1559,20,7100,2]
[35709,20,7300,2]
[21720,20,6300,2]
[29522,20,6700,4]
[21640,20,6400,2]
[1855,20,7600,2]
[35504,20,7300,2]
[18839,20,7800,2]
[29299,20,7100,2]
[21561,20,6000,4]
[33727,20,6500,2]
[33154,20,6700,2]
[22752,20,6400,4]
[37038,20,7700,2]
[1924,20,7000,2]
[2863,20,5900,2]
[25886,20,7100,2]
[31918,20,7600,2]
[26497,20,6500,2]
[19458,20,7000,2]
[17058,20,7500,2]
[13957,20,8000,2]
[21646,20,6800,2]
[27767,20,6200,2]
[39671,20,5900,2]
[10388,20,7400,2]
[39825,20,6200,4]
[18474,20,7000,2]
[34764,20,6500,2]
[3428,20,5900,2]
[21081,20,7300,2]
[32980,20,7500,4]
[19574,20,6900,4]
[21374,20,6800,2]
[27019,20,6200,2]
[5840,20,6600,4]
[28755,20,7600,4]
[13922,20,7200,2]
[5235,20,7000,2]
[33360,20,7000,2]
[2536,20,7300,2]
[15288,20,7000,2]
[4860,20,6600,2]
[10775,20,6800,2]
[21326,20,6900,2]
[10326,20,7400,2]
[22244,20,6900,2]
[29715,20,7000,2]
[33897,20,7300,4]
[8565,20,6500,2]
[31413,20,7100,2]
[4845,20,7400,2]
[29760,20,7700,4]
[24610,20,6800,2]
[39581,20,6700,2]
[38758,20,7200,2]
[28971,20,6800,2]
[26371,20,6200,2]
[5800,20,6800,2]
[14209,20,6500,2]
[16770,20,7900,2]
[33027,20,6500,4]
[37004,20,6300,2]
[36991,20,7700,2]
[17347,20,8500,2]
[37717,20,7200,2]
[17219,20,6500,4]
[27721,20,6300,2]
[11316,20,6800,2]
[22038,20,7200,2]
[22822,20,7900,2]
[26669,20,6600,2]
[37403,20,7200,2]
[24146,20,7300,2]
[9499,20,6700,2]
[25627,20,7700,2]
[24421,20,6900,2]
[16607,20,8200,2]
[16414,20,7300,4]
[24397,20,6300,2]
[12623,20,6000,2]
[35557,20,7700,2]
[14564,20,6400,2]
[20517,20,7400,2]
