[18516,20,7100,0]
[10428,20,6400,0]
[13633,20,7500,0]
[17237,20,8000,0]
[25162,20,8100,0]
[6181,20,7500,0]
[31030,20,7300,0]
[38870,20,7500,0]
[8030,20,6200,0]
[24250,20,6200,0]
[29180,20,8100,0]
[12042,20,7400,0]
[11971,20,7900,0]
[33446,20,6600,0]
[19053,20,7200,0]
[29304,20,6900,0]
[35737,20,7800,0]
[30663,20,7100,0]
[1040,20,7200,0]
[34343,20,6300,0]
[27702,20,6900,0]
[16397,20,8000,0]
[23805,20,6900,0]
[10901,20,6800,0]
[1391,20,6800,0]
[7075,20,5900,0]
[6381,20,7100,0]
[10308,20,6900,0]
[27006,20,6800,0]
[11503,20,7300,0]
[28589,20,7300,0]
[19222,20,6800,0]
[28135,20,6700,0]
[5086,20,6900,0]
[8336,20,6300,0]
[6944,20,6700,0]
[25327,20,7000,0]
[8297,20,7800,0]
[24760,20,7500,0]
[1332,20,6000,0]
[24384,20,7000,0]
[36510,20,7400,0]
[32430,20,7600,0]
[39624,20,6800,0]
[11907,20,6300,0]
[20810,20,6800,0]
[25267,20,7400,0]
[24166,20,7600,0]
[3135,20,6400,0]
[39212,20,7600,0]
[33054,20,6800,0]
[37659,20,7200,0]
[23358,20,6900,0]
[19269,20,7500,0]
[32779,20,6900,0]
[36161,20,6800,0]
[6647,20,6000,0]
[18916,20,8000,0]
[33026,20,7300,0]
[23099,20,6700,0]
[34215,20,8100,0]
[38391,20,7300,0]
[14170,20,6700,0]
[29273,20,7100,0]
[37152,20,5800,0]
[30290,20,7000,0]
[14807,20,5700,0]
[14162,20,7400,0]
[26387,20,7200,0]
[12229,20,7100,0]
[13065,20,6900,0]
[21257,20,7200,0]
[18330,20,6100,0]
[33149,20,7300,0]
[38029,20,6500,0]
[4125,20,7000,0]
[15921,20,7500,0]
[6479,20,7900,0]
[26553,20,7600,0]
[35528,20,7800,0]
[21793,20,6800,0]
[13577,20,7000,0]
[20609,20,6900,0]
[28820,20,6400,0]
[2159,20,6300,0]
[24306,20,6500,0]
[2546,20,6900,0]
[2576,20,7100,0]
[13121,20,7900,0]
[24544,20,7300,0]
[22660,20,6900,0]
[25739,20,6900,0]
[20306,20,6000,0]
[5546,20,7200,0]
[5318,20,6800,0]
[3894,20,6400,0]
[11704,20,7200,0]
[4436,20,6800,0]
[21019,20,7400,0]
[9979,20,7300,0]
[8915,20,7400,0]
[19055,20,7400,0]
[5264,20,7600,0]
[484,20,7300,0]
[9528,20,6500,0]
[32144,20,6800,0]
[19293,20,7900,0]
[7983,20,7200,0]
[5840,20,6600,0]
[20282,20,7700,0]
[25102,20,7500,0]
[22732,20,6000,0]
[22751,20,8000,0]
[16403,20,6900,0]
[87,20,6600,0]
[30374,20,6700,0]
[39509,20,6500,0]
[2801,20,8100,0]
[4978,20,6300,0]
[20210,20,7100,0]
[16915,20,6600,0]
[14934,20,7100,0]
[24246,20,7000,0]
[7326,20,7200,0]
[5681,20,7500,0]
[34911,20,7500,0]
[22464,20,7600,0]
[25974,20,7700,0]
[11058,20,6900,0]
[5388,20,6400,0]
[15290,20,8000,0]
[37686,20,6600,0]
[5580,20,6200,0]
[35451,20,7200,0]
[10594,20,7000,0]
[34587,20,7700,0]
[31189,20,7200,0]
[34995,20,6700,0]
[16475,20,7900,0]
[13189,20,6500,0]
[26142,20,7200,0]
[29555,20,5900,0]
[33766,20,7100,0]
[13678,20,8100,0]
[11126,20,7100,0]
[27041,20,6600,0]
[36176,20,7000,0]
[21903,20,7200,0]
[14991,20,6600,0]
[26521,20,7400,0]
[25029,20,7200,0]
[7336,20,7000,0]
[21958,20,6900,0]
[701,20,6800,0]
[8468,20,6800,0]
[8290,20,7100,0]
[22525,20,8100,0]
[16374,20,7000,0]
[16329,20,7300,0]
[22427,20,7600,0]
[29919,20,6700,0]
[25962,20,7100,0]
[9055,20,6400,0]
[401,20,7400,0]
[36613,20,7500,0]
[680,20,7300,0]
[19571,20,7300,0]
[36369,20,6100,0]
[19542,20,6200,0]
[4939,20,7400,0]
[24494,20,7200,0]
[25845,20,7500,0]
[2349,20,6300,0]
[38611,20,6800,0]
[7869,20,7400,0]
[25201,20,7200,0]
[7437,20,7000,0]
[31541,20,7400,0]
[18525,20,7300,0]
[12490,20,7300,0]
[19722,20,6900,0]
[36398,20,7300,0]
[34206,20,7000,0]
[37122,20,7000,0]
[20061,20,6400,0]
[18127,20,6200,0]
[17861,20,7700,0]
[29032,20,6700,0]
[25234,20,7300,0]
[20454,20,5700,0]
[8876,20,6400,0]
[17570,20,6600,0]
[24014,20,7600,0]
[33152,20,6600,0]
[13327,20,6600,0]
[36806,20,7100,0]
[13002,20,7400,0]
[38161,20,6700,0]
[20595,20,6700,0]
[31862,20,7500,0]
[22648,20,6500,0]
[9735,20,6300,0]
[30231,20,6900,0]
[10542,20,6900,0]
[19737,20,6500,0]
[32212,20,7700,0]
[20239,20,6300,0]
[19757,20,5900,0]
[29404,20,7000,0]
[6567,20,6900,0]
[16295,20,7100,0]
[19308,20,6800,0]
[20446,20,6800,0]
[7304,20,7800,0]
[21099,20,7000,0]
[16685,20,6200,0]
[36307,20,6700,0]
[21424,20,7300,0]
[23427,20,7300,0]
[11403,20,6800,0]
[32378,20,6600,0]
[4513,20,7300,0]
[15031,20,7300,0]
[14655,20,6200,0]
[28172,20,7300,0]
[9763,20,7000,0]
[35174,20,6700,0]
[19845,20,5800,0]
[130,20,7800,0]
[3960,20,6400,0]
[11552,20,6900,0]
[21089,20,7500,0]
[25822,20,6400,0]
[14296,20,7200,0]
[17062,20,6000,0]
[20255,20,6900,0]
[32054,20,7300,0]
[23863,20,7400,0]
[15112,20,7200,0]
[25961,20,6800,0]
[7285,20,7300,0]
[36733,20,6400,0]
[36976,20,7300,0]
[31834,20,7300,0]
[14711,20,7100,0]
[24365,20,7500,0]
[20028,20,6600,0]
[20019,20,7300,0]
[5336,20,7700,0]
[38598,20,7600,0]
[39892,20,7300,0]
[9106,20,7100,0]
[27425,20,7000,0]
[310,20,7400,0]
[34045,20,6400,0]
[22381,20,7100,0]
[21127,20,8000,0]
[1970,20,6700,0]
[38246,20,7400,0]
[7381,20,6300,0]
[27485,20,7400,0]
[22749,20,7000,0]
[1675,20,7200,0]
[25718,20,7000,0]
[37351,20,6600,0]
[22968,20,7800,0]
[14089,20,7200,0]
[13339,20,7000,0]
[23447,20,7700,0]
[3684,20,6000,0]
[401,20,7400,0]
[36234,20,6800,0]
[37482,20,7200,0]
[17433,20,7500,0]
[19998,20,6800,0]
[11856,20,6900,0]
[1225,20,7600,0]
[32214,20,7000,0]
[37266,20,7200,0]
[16709,20,7400,0]
[3491,20,6500,0]
[37099,20,6500,0]
[30245,20,6100,0]
[14360,20,7000,0]
[26224,20,6500,0]
[9308,20,6400,0]
[3889,20,7900,0]
[35618,20,6900,0]
[31782,20,7100,0]
[22190,20,6600,0]
[7886,20,6600,0]
[4287,20,6700,0]
[6858,20,6800,0]
[38397,20,6600,0]
[29612,20,6900,0]
[2099,20,7300,0]
[17796,20,7300,0]
[20603,20,7300,0]
[23416,20,7700,0]
[3263,20,6600,0]
[6871,20,6800,0]
[39001,20,6900,0]
[17003,20,6700,0]
[20909,20,7500,0]
[15447,20,7800,0]
[12033,20,6600,0]
[2132,20,6200,0]
[38846,20,6800,0]
[26174,20,6800,0]
[15289,20,6400,0]
[39443,20,6700,0]
[35848,20,7100,0]
[26625,20,6300,0]
[36999,20,6600,0]
[10774,20,6600,0]
[17712,20,6300,0]
[9676,20,7200,0]
[17768,20,8400,0]
[18042,20,7200,0]
[20712,20,7300,0]
[7104,20,6800,0]
[20445,20,7600,0]
[31684,20,6400,0]
[21727,20,6500,0]
[26305,20,7600,0]
[32271,20,7200,0]
[24655,20,7100,0]
[28886,20,6800,0]
[186,20,7900,0]
[31697,20,7200,0]
[34380,20,7200,0]
[37314,20,7700,0]
[32802,20,6700,0]
[35323,20,6700,0]
[9886,20,7200,0]
[12806,20,6800,0]
[21182,20,7100,0]
[28680,20,7500,0]
[31789,20,7700,0]
[32956,20,7000,0]
[37201,20,6300,0]
[36869,20,6800,0]
[7000,20,8000,0]
[20792,20,6800,0]
[11899,20,6600,0]
[4643,20,7000,0]
[5682,20,7200,0]
[28039,20,6600,0]
[11358,20,6900,0]
[23190,20,7400,0]
[16168,20,6700,0]
[6112,20,7600,0]
[17902,20,6700,0]
[22445,20,7200,0]
[12996,20,6700,0]
[30096,20,7800,0]
[10295,20,7400,0]
[29426,20,6800,0]
[13471,20,7300,0]
[8039,20,7500,0]
[20302,20,6900,0]
[5326,20,6500,0]
[36729,20,7200,0]
[17514,20,7100,0]
[39059,20,6800,0]
[18469,20,6500,0]
[28198,20,6900,0]
[8601,20,7400,0]
[46,20,6000,0]
[18203,20,7900,0]
[21226,20,7100,0]
[17356,20,6100,0]
[38973,20,6700,0]
[30417,20,6700,0]
[36833,20,7000,0]
[39627,20,6900,0]
[20482,20,7100,0]
[24053,20,7300,0]
[37773,20,7000,0]
[7858,20,6300,0]
[28660,20,6800,0]
[25686,20,6700,0]
[8750,20,6500,0]
[29364,20,6800,0]
[20196,20,7300,0]
[27256,20,7700,0]
[27208,20,6400,0]
[39441,20,6800,0]
[10497,20,6400,0]
[10871,20,6200,0]
[29061,20,7300,0]
[37302,20,7200,0]
[16229,20,7600,0]
[22956,20,7000,0]
[35134,20,7800,0]
[21667,20,6900,0]
[20078,20,6500,0]
[38877,20,7000,0]
[31707,20,8000,0]
[11242,20,7000,0]
[12883,20,7500,0]
[27906,20,6900,0]
[23472,20,7500,0]
[28493,20,6800,0]
[15263,20,8100,0]
[21725,20,6700,0]
[24015,20,6600,0]
[23655,20,6500,0]
[16267,20,6400,0]
[13545,20,7400,0]
[31025,20,6400,0]
[15808,20,6400,0]
[27731,20,8100,0]
[5114,20,7700,0]
[2523,20,7400,0]
[38020,20,7500,0]
[11051,20,6800,0]
[35000,20,6500,0]
[9898,20,7300,0]
[25428,20,7600,0]
[11115,20,7900,0]
[36599,20,7100,0]
[11113,20,6800,0]
[29173,20,8000,0]
[39656,20,6600,0]
[21518,20,7400,0]
[21181,20,6900,0]
[4690,20,7600,0]
[31562,20,7500,0]
[18019,20,6700,0]
[5281,20,7400,0]
[36804,20,6900,0]
[31988,20,7600,0]
[12556,20,7600,0]
[3767,20,6400,0]
[20881,20,7200,0]
[3996,20,7200,0]
[37996,20,7300,0]
[32944,20,6900,0]
[27176,20,7600,0]
[5885,20,6800,0]
[26527,20,6200,0]
[12474,20,6700,0]
[3710,20,6000,0]
[35888,20,6300,0]
[26405,20,7300,0]
[32443,20,5700,0]
[11741,20,6400,0]
[39748,20,7500,0]
[4555,20,7200,0]
[22968,20,7800,0]
[38872,20,6700,0]
[26696,20,8000,0]
[24228,20,6900,0]
[7392,20,7000,0]
[13764,20,7100,0]
[152,20,7400,0]
[6359,20,7100,0]
[4700,20,6400,0]
[20535,20,7100,0]
[35365,20,7300,0]
[37155,20,7300,0]
[26380,20,7800,0]
[33064,20,7000,0]
[19138,20,7700,0]
[30177,20,7300,0]
[27442,20,6600,0]
[9844,20,6200,0]
[32663,20,7800,0]
[21110,20,5800,0]
[10768,20,7600,0]
[5209,20,6900,0]
[8086,20,6600,0]
[17522,20,7200,0]
[31017,20,7700,0]
[11461,20,6200,0]
[31010,20,6900,0]
[27940,20,6600,0]
[20297,20,6600,0]
[17676,20,7700,0]
[8183,20,6400,0]
[7376,20,6900,0]
[6999,20,6200,0]
[37397,20,7300,0]
[39309,20,6500,0]
[11127,20,7600,0]
[1313,20,7500,0]
[2899,20,6700,0]
[9341,20,6900,0]
[19354,20,7600,0]
[1142,20,6800,0]
[35615,20,6500,0]
[8988,20,7000,0]
[17576,20,6500,0]
[34138,20,7500,0]
[34224,20,7400,0]
[17843,20,7400,0]
[31939,20,6600,0]
[37473,20,6100,0]
[4689,20,7400,0]
