[20815,20,8300,0]
[19124,20,7600,0]
[21328,20,7300,0]
[22573,20,7200,0]
[15745,20,7000,0]
[24653,20,7500,0]
[31176,20,7100,0]
[19807,20,7300,0]
[17753,20,6900,0]
[39877,20,7000,0]
[4319,20,7000,0]
[24693,20,7300,0]
[32000,20,6800,0]
[14447,20,7300,0]
[25287,20,6600,0]
[15526,20,5900,0]
[33777,20,6800,0]
[31913,20,6500,0]
[28587,20,6700,0]
[35294,20,6000,0]
[23618,20,6700,0]
[1028,20,7300,0]
[30755,20,6300,0]
[3843,20,6400,0]
[33714,20,7100,0]
[28741,20,6300,0]
[2109,20,7500,0]
[15171,20,6700,0]
[12556,20,7600,0]
[20039,20,6500,0]
[35810,20,6600,0]
[12033,20,6600,0]
[1518,20,6400,0]
[22912,20,7300,0]
[32625,20,7100,0]
[505,20,7600,0]
[23246,20,7600,0]
[17847,20,6800,0]
[21264,20,6700,0]
[12693,20,7200,0]
[10190,20,6800,0]
[39280,20,7500,0]
[37567,20,6000,0]
[32194,20,6400,0]
[12886,20,7300,0]
[27461,20,6300,0]
[33980,20,6500,0]
[33838,20,7000,0]
[25278,20,7100,0]
[9919,20,6700,0]
[31749,20,7000,0]
[22063,20,7500,0]
[17068,20,7200,0]
[35852,20,7200,0]
[3920,20,7400,0]
[16394,20,6200,0]
[24923,20,6400,0]
[14412,20,7500,0]
[33138,20,7000,0]
[14174,20,7000,0]
[15947,20,6500,0]
[39751,20,6700,0]
[22518,20,5700,0]
[25732,20,7500,0]
[33037,20,7200,0]
[31593,20,7100,0]
[10213,20,7300,0]
[29710,20,7100,0]
[35514,20,7300,0]
[35535,20,6300,0]
[16547,20,7000,0]
[24939,20,6700,0]
[36230,20,7400,0]
[19289,20,7100,0]
[28038,20,7400,0]
[22377,20,7200,0]
[29981,20,7300,0]
[20315,20,7300,0]
[14104,20,7800,0]
[11881,20,7400,0]
[15455,20,7200,0]
[32794,20,7000,0]
[8312,20,7300,0]
[16629,20,7300,0]
[4749,20,7200,0]
[3721,20,7800,0]
[18749,20,6800,0]
[5336,20,7700,0]
[28175,20,6900,0]
[3556,20,6700,0]
[9444,20,7500,0]
[7901,20,6900,0]
[18953,20,7300,0]
[33348,20,6400,0]
[1469,20,7800,0]
[24700,20,6600,0]
[26880,20,8100,0]
[27491,20,7200,0]
[14318,20,7100,0]
[13034,20,6800,0]
[33412,20,7900,0]
[24518,20,6400,0]
[6090,20,7600,0]
[23260,20,7100,0]
[32233,20,6900,0]
[25223,20,6900,0]
[27175,20,7100,0]
[14838,20,8100,0]
[37310,20,6900,0]
[7839,20,7100,0]
[9929,20,7700,0]
[6793,20,6700,0]
[30565,20,7400,0]
[35677,20,6500,0]
[20080,20,6900,0]
[20640,20,6800,0]
[24655,20,7100,0]
[5799,20,6600,0]
[18944,20,6700,0]
[5765,20,7200,0]
[32019,20,7300,0]
[35373,20,6200,0]
[30700,20,7700,0]
[17619,20,6700,0]
[17298,20,7500,0]
[16363,20,6900,0]
[11365,20,6700,0]
[27018,20,8000,0]
[17479,20,7500,0]
[28132,20,6200,0]
[24637,20,6900,0]
[29024,20,7600,0]
[27579,20,7600,0]
[15263,20,8100,0]
[12542,20,6600,0]
[31818,20,6900,0]
[10945,20,7100,0]
[26897,20,6900,0]
[38955,20,7100,0]
[30825,20,6900,0]
[29938,20,6900,0]
[19622,20,6400,0]
[30433,20,6900,0]
[16038,20,7600,0]
[5171,20,7400,0]
[29138,20,7000,0]
[22045,20,6500,0]
[23921,20,7700,0]
[37561,20,7400,0]
[35319,20,7100,0]
[15912,20,6400,0]
[6834,20,7500,0]
[6416,20,6400,0]
[20321,20,7200,0]
[12838,20,6300,0]
[39437,20,7100,0]
[14231,20,7300,0]
[23095,20,7200,0]
[26559,20,7100,0]
[27482,20,7100,0]
[18647,20,6500,0]
[33292,20,6900,0]
[3574,20,7500,0]
[13878,20,6400,0]
[3999,20,5900,0]
[29772,20,7000,0]
[34808,20,7200,0]
[24759,20,6300,0]
[233,20,8100,0]
[12835,20,7400,0]
[25443,20,7200,0]
[31377,20,8000,0]
[16380,20,6000,0]
[32234,20,6900,0]
[35549,20,7300,0]
[998,20,7800,0]
[5617,20,8100,0]
[16547,20,7000,0]
[23764,20,6900,0]
[36846,20,6900,0]
[13891,20,7800,0]
[12266,20,6800,0]
[1476,20,6300,0]
[35666,20,7700,0]
[11728,20,7100,0]
[37369,20,7100,0]
[8590,20,7200,0]
[24872,20,7100,0]
[24299,20,6400,0]
[9207,20,6600,0]
[2205,20,6600,0]
[25650,20,7400,0]
[26142,20,7200,0]
[21229,20,7300,0]
[23950,20,7300,0]
[31481,20,7100,0]
[24332,20,7500,0]
[22637,20,7100,0]
[1607,20,7000,0]
[5350,20,7100,0]
[24245,20,7300,0]
[27973,20,7800,0]
[7892,20,7400,0]
[21570,20,7000,0]
[30190,20,7700,0]
[14062,20,7100,0]
[27432,20,8300,0]
[37241,20,6900,0]
[2051,20,6600,0]
[31285,20,7200,0]
[17141,20,7400,0]
[16592,20,7100,0]
[9625,20,6400,0]
[25888,20,7100,0]
[30293,20,6500,0]
[30808,20,7900,0]
[4461,20,8000,0]
[19776,20,6000,0]
[36782,20,7000,0]
[6679,20,7700,0]
[2619,20,7700,0]
[21034,20,6700,0]
[25088,20,7600,0]
[33230,20,7800,0]
[6435,20,8000,0]
[26075,20,7300,0]
[2109,20,7500,0]
[25541,20,7100,0]
[11010,20,7000,0]
[13582,20,7900,0]
[866,20,7100,0]
[26338,20,7300,0]
[6040,20,7600,0]
[32490,20,7200,0]
[1802,20,5900,0]
[1217,20,6600,0]
[23267,20,8300,0]
[27700,20,8300,0]
[31421,20,6600,0]
[37914,20,7100,0]
[35185,20,7600,0]
[27605,20,7200,0]
[18012,20,6400,0]
[28301,20,7100,0]
[39439,20,6500,0]
[17242,20,6200,0]
[30336,20,6900,0]
[25329,20,7100,0]
[23697,20,6600,0]
[37897,20,6700,0]
[29221,20,6800,0]
[8901,20,6700,0]
[32544,20,7400,0]
[9928,20,6600,0]
[27731,20,8100,0]
[11706,20,7300,0]
[30984,20,7700,0]
[13547,20,7200,0]
[29284,20,7400,0]
[12404,20,6900,0]
[4059,20,7000,0]
[3876,20,7000,0]
[24581,20,6700,0]
[1748,20,7700,0]
[8089,20,6600,0]
[12802,20,6100,0]
[30904,20,6200,0]
[4168,20,7800,0]
[745,20,6700,0]
[24344,20,7200,0]
[32174,20,6200,0]
[23059,20,7700,0]
[11250,20,6900,0]
[17766,20,6700,0]
[19037,20,6900,0]
[2415,20,6400,0]
[16800,20,8000,0]
[1251,20,6900,0]
[7292,20,7400,0]
[35248,20,7300,0]
[25428,20,7600,0]
[11440,20,7100,0]
[1600,20,7000,0]
[18129,20,6400,0]
[20099,20,8000,0]
[5226,20,6700,0]
[13686,20,6700,0]
[12891,20,6900,0]
[34296,20,6700,0]
[32604,20,8000,0]
[35864,20,6600,0]
[5421,20,7000,0]
[21316,20,8400,0]
[29647,20,7100,0]
[37862,20,7300,0]
[6349,20,7300,0]
[15590,20,7000,0]
[12918,20,6600,0]
[32380,20,7000,0]
[15159,20,7300,0]
[12596,20,7800,0]
[3689,20,6300,0]
[37045,20,7300,0]
[20817,20,7200,0]
[13454,20,6900,0]
[19316,20,6700,0]
[32753,20,6700,0]
[31218,20,7100,0]
[29151,20,6700,0]
[13977,20,7400,0]
[15188,20,7100,0]
[15020,20,7800,0]
[30266,20,6700,0]
[30383,20,8300,0]
[34605,20,7500,0]
[36376,20,7100,0]
[4747,20,7500,0]
[27000,20,6100,0]
[8073,20,6000,0]
[2009,20,6600,0]
[23393,20,7900,0]
[31290,20,6900,0]
[7688,20,7400,0]
[24469,20,6800,0]
[39969,20,7300,0]
[10225,20,6400,0]
[17460,20,6800,0]
[39301,20,7000,0]
[12019,20,7500,0]
[37083,20,7400,0]
[28001,20,7100,0]
[3895,20,6400,0]
[2992,20,6500,0]
[31023,20,7200,0]
[25149,20,6700,0]
[10383,20,6600,0]
[19085,20,7500,0]
[12626,20,6900,0]
[22307,20,7000,0]
[23024,20,6800,0]
[1723,20,6800,0]
[38062,20,7600,0]
[5824,20,6800,0]
[8704,20,6800,0]
[21820,20,7100,0]
[23450,20,7000,0]
[25549,20,6300,0]
[16138,20,7600,0]
[23857,20,7300,0]
[27265,20,7800,0]
[21666,20,7400,0]
[9322,20,6800,0]
[18290,20,7100,0]
[24212,20,7400,0]
[25971,20,6300,0]
[38912,20,6600,0]
[39584,20,7400,0]
[8260,20,6600,0]
[38218,20,6500,0]
[11486,20,6800,0]
[1429,20,6800,0]
[17131,20,6600,0]
[17806,20,6700,0]
[10507,20,7600,0]
[23661,20,6200,0]
[8765,20,6500,0]
[4197,20,6900,0]
[3851,20,6600,0]
[1021,20,6600,0]
[7619,20,6500,0]
[27948,20,6700,0]
[33110,20,6600,0]
[3538,20,7000,0]
[447,20,6500,0]
[20971,20,8000,0]
[6993,20,7600,0]
[5958,20,6600,0]
[2651,20,6300,0]
[29016,20,6000,0]
[35670,20,7100,0]
[8507,20,7900,0]
[22366,20,7000,0]
[17123,20,6400,0]
[31853,20,6400,0]
[26663,20,6600,0]
[29538,20,6300,0]
[17691,20,7100,0]
[39035,20,7000,0]
[34024,20,6900,0]
[33801,20,6900,0]
[39103,20,7400,0]
[6677,20,7100,0]
[29892,20,7100,0]
[23625,20,8200,0]
[20615,20,6700,0]
[35462,20,7500,0]
[19679,20,7200,0]
[6327,20,6600,0]
[14727,20,7100,0]
[21314,20,6600,0]
[9882,20,7100,0]
[34373,20,7100,0]
[4019,20,7100,0]
[3226,20,6500,0]
[19977,20,7600,0]
[14583,20,7000,0]
[30783,20,7100,0]
[33776,20,7400,0]
[22009,20,6500,0]
[38002,20,7400,0]
[3789,20,7100,0]
[38230,20,7500,0]
[23791,20,7200,0]
[21230,20,7300,0]
[30986,20,7100,0]
[37710,20,7700,0]
[19804,20,7200,0]
[38520,20,6400,0]
[34494,20,7200,0]
[19603,20,7000,0]
[36011,20,7000,0]
[17926,20,7400,0]
[8225,20,7000,0]
[32327,20,6900,0]
[9969,20,6900,0]
[32230,20,6900,0]
[35396,20,7000,0]
[39221,20,6200,0]
[34744,20,6900,0]
[11155,20,7600,0]
[28392,20,7000,0]
[21799,20,6600,0]
[36255,20,7300,0]
[10261,20,7200,0]
[32828,20,6700,0]
[18271,20,6800,0]
[34762,20,6900,0]
[28793,20,7000,0]
[39349,20,7300,0]
[11448,20,7500,0]
[8292,20,6700,0]
[28270,20,7000,0]
[8229,20,7000,0]
[10474,20,6700,0]
[20138,20,7100,0]
[35187,20,7200,0]
[14464,20,7400,0]
[35914,20,7400,0]
[35890,20,7200,0]
[30237,20,6400,0]
[12967,20,7100,0]
[27499,20,7000,0]
[24818,20,6500,0]
[18883,20,7300,0]
[26051,20,6900,0]
[25020,20,7400,0]
[22480,20,7400,0]
[6692,20,6700,0]
[35289,20,7600,0]
[22778,20,6200,0]
[6619,20,7300,0]
[3635,20,6700,0]
[26656,20,6800,0]
[35788,20,6400,0]
[10181,20,6700,0]
[5647,20,7200,0]
[38511,20,6400,0]
[12940,20,7800,0]
[7872,20,6500,0]
[38782,20,7300,0]
[2473,20,7400,0]
[9532,20,6400,0]
[22581,20,6600,0]
[9147,20,6100,0]
[21898,20,7600,0]
[37862,20,7300,0]
[12955,20,5600,0]
[2708,20,7300,0]
[39284,20,7400,0]
[36373,20,8100,0]
[8690,20,6000,0]
[6538,20,7200,0]
[8209,20,6700,0]
[9853,20,7600,0]
[20135,20,7100,0]
[1512,20,7700,0]
[35984,20,6500,0]
[20282,20,7700,0]
[4980,20,7100,0]
[7434,20,6900,0]
[21594,20,6300,0]
[6710,20,6600,0]
[19287,20,5800,0]
[35801,20,6900,0]
[39738,20,6600,0]
[29403,20,6600,0]
[56,20,7500,0]
[18486,20,7200,0]
[18584,20,7500,0]
[10997,20,6700,0]
