[6871,20,6800,0]
[4901,20,6500,0]
[20527,20,6200,0]
[1641,20,6800,0]
[2592,20,6500,0]
[6864,20,6600,0]
[38727,20,6600,0]
[34051,20,6800,0]
[13772,20,6800,0]
[53,20,8100,0]
[26109,20,6900,0]
[978,20,6300,0]
[14210,20,6900,0]
[35242,20,7100,0]
[24944,20,7000,0]
[6327,20,6600,0]
[3287,20,7600,0]
[19335,20,6400,0]
[33233,20,5800,0]
[25713,20,7500,0]
[20689,20,7500,0]
[9942,20,7000,0]
[18627,20,6900,0]
[34562,20,7400,0]
[3780,20,6800,0]
[36680,20,6900,0]
[29191,20,7000,0]
[20359,20,7200,0]
[31129,20,7500,0]
[15117,20,7000,0]
[6059,20,6500,0]
[19420,20,7400,0]
[14941,20,6800,0]
[492,20,6800,0]
[2486,20,7000,0]
[15481,20,7600,0]
[299,20,6800,0]
[5381,20,6900,0]
[19969,20,6400,0]
[34711,20,6600,0]
[35406,20,7400,0]
[29588,20,8000,0]
[13855,20,7100,0]
[37799,20,7300,0]
[4004,20,7600,0]
[26651,20,7800,0]
[34765,20,8200,0]
[12373,20,6700,0]
[34257,20,6200,0]
[11447,20,7500,0]
[15590,20,7000,0]
[13940,20,7400,0]
[17450,20,6300,0]
[1414,20,7300,0]
[30759,20,7300,0]
[1793,20,7000,0]
[14925,20,7400,0]
[2709,20,6900,0]
[10510,20,6100,0]
[7609,20,7000,0]
[29823,20,7000,0]
[16001,20,6800,0]
[10905,20,6600,0]
[2561,20,7500,0]
[38113,20,6800,0]
[7277,20,7000,0]
[7379,20,7400,0]
[12274,20,6900,0]
[14590,20,6700,0]
[20348,20,7000,0]
[13963,20,7000,0]
[4969,20,7000,0]
[26376,20,7000,0]
[955,20,6900,0]
[21408,20,7100,0]
[16521,20,7000,0]
[359,20,7200,0]
[14775,20,6800,0]
[15732,20,6300,0]
[39259,20,6800,0]
[25928,20,7100,0]
[2534,20,7200,0]
[39584,20,7400,0]
[31448,20,6000,0]
[32477,20,6400,0]
[11313,20,6900,0]
[31259,20,6700,0]
[17382,20,7800,0]
[16034,20,7600,0]
[17873,20,7700,0]
[14298,20,7400,0]
[33596,20,7500,0]
[36903,20,6800,0]
[14404,20,7300,0]
[23319,20,7700,0]
[27560,20,6700,0]
[35064,20,7200,0]
[14616,20,7400,0]
[4343,20,7200,0]
[3676,20,6900,0]
[16565,20,7400,0]
[25899,20,6700,0]
[27465,20,7100,0]
[28498,20,6500,0]
[25604,20,7100,0]
[13155,20,7000,0]
[22467,20,7300,0]
[3787,20,7100,0]
[28830,20,7500,0]
[32683,20,6200,0]
[34308,20,6400,0]
[23328,20,6400,0]
[33016,20,7100,0]
[29667,20,7500,0]
[36382,20,7700,0]
[32265,20,7000,0]
[29364,20,6800,0]
[7881,20,6800,0]
[21811,20,5900,0]
[29492,20,7000,0]
[27798,20,7100,0]
[26489,20,7700,0]
[29588,20,8000,0]
[4411,20,7500,0]
[8295,20,7300,0]
[32532,20,7300,0]
[20384,20,7400,0]
[6807,20,6000,0]
[34218,20,6800,0]
[37696,20,8300,0]
[30579,20,7600,0]
[16287,20,6900,0]
[11889,20,6700,0]
[3196,20,6300,0]
[34797,20,6800,0]
[16138,20,7600,0]
[12911,20,7200,0]
[35304,20,6900,0]
[1097,20,7200,0]
[29627,20,7100,0]
[26387,20,7200,0]
[23514,20,6100,0]
[5148,20,7300,0]
[37502,20,7100,0]
[14009,20,6800,0]
[12457,20,7100,0]
[725,20,7700,0]
[13942,20,7100,0]
[5065,20,7300,0]
[17980,20,7000,0]
[38403,20,7200,0]
[10678,20,7200,0]
[8943,20,8200,0]
[2447,20,7300,0]
[26115,20,6800,0]
[21065,20,6700,0]
[19998,20,6800,0]
[6257,20,7600,0]
[14270,20,5700,0]
[17317,20,6800,0]
[27339,20,7500,0]
[16170,20,6200,0]
[39812,20,5800,0]
[39750,20,7400,0]
[3369,20,7500,0]
[17966,20,7000,0]
[25878,20,8600,0]
[39853,20,6200,0]
[11748,20,7100,0]
[6881,20,8100,0]
[39345,20,6300,0]
[8951,20,6200,0]
[17223,20,6600,0]
[24780,20,7600,0]
[31749,20,7000,0]
[30032,20,7100,0]
[38701,20,7300,0]
[6268,20,7400,0]
[9190,20,6800,0]
[4061,20,6500,0]
[2670,20,6300,0]
[34991,20,6300,0]
[3471,20,6900,0]
[30288,20,7500,0]
[12265,20,7500,0]
[36749,20,6200,0]
[11416,20,6900,0]
[35088,20,7500,0]
[16696,20,7500,0]
[34314,20,5800,0]
[5953,20,6100,0]
[38144,20,6400,0]
[11601,20,6400,0]
[9300,20,6600,0]
[13238,20,6100,0]
[28737,20,7400,0]
[11566,20,6300,0]
[28745,20,7300,0]
[17549,20,8000,0]
[7003,20,7100,0]
[14138,20,7400,0]
[27695,20,7400,0]
[23557,20,6400,0]
[33560,20,6200,0]
[27332,20,6900,0]
[23418,20,7200,0]
[12174,20,7500,0]
[34220,20,6300,0]
[775,20,7300,0]
[28624,20,7400,0]
[16750,20,7400,0]
[14941,20,6800,0]
[508,20,6900,0]
[4267,20,7100,0]
[10359,20,7000,0]
[4150,20,7000,0]
[34339,20,6000,0]
[16470,20,7100,0]
[34742,20,6700,0]
[30609,20,6000,0]
[28623,20,6900,0]
[12554,20,8000,0]
[13071,20,7100,0]
[29074,20,7600,0]
[5401,20,7300,0]
[27796,20,6300,0]
[27072,20,6600,0]
[14025,20,6800,0]
[34056,20,7300,0]
[18084,20,6500,0]
[11128,20,7200,0]
[2845,20,7300,0]
[35726,20,6800,0]
[17486,20,6500,0]
[35233,20,7500,0]
[26270,20,6900,0]
[18209,20,7400,0]
[8592,20,6900,0]
[20547,20,7200,0]
[6882,20,7400,0]
[5503,20,7100,0]
[16965,20,6000,0]
[29973,20,6300,0]
[30857,20,7400,0]
[22072,20,7300,0]
[23117,20,7000,0]
[22870,20,6900,0]
[29953,20,6400,0]
[32962,20,6500,0]
[12082,20,6500,0]
[22507,20,6300,0]
[11553,20,7300,0]
[11013,20,8300,0]
[29614,20,6300,0]
[5283,20,8400,0]
[36948,20,8400,0]
[19160,20,6700,0]
[4856,20,6700,0]
[4057,20,6600,0]
[22071,20,6500,0]
[5935,20,7000,0]
[24148,20,7700,0]
[29159,20,6400,0]
[11193,20,7200,0]
[28006,20,7100,0]
[16049,20,7100,0]
[35048,20,7900,0]
[38167,20,7400,0]
[23797,20,7300,0]
[5372,20,6900,0]
[22464,20,7600,0]
[30696,20,6800,0]
[25066,20,7700,0]
[37142,20,7900,0]
[36522,20,7300,0]
[19606,20,6900,0]
[36846,20,6900,0]
[1393,20,7000,0]
[16519,20,5900,0]
[22695,20,6800,0]
[32775,20,7500,0]
[4816,20,6800,0]
[5956,20,6800,0]
[36511,20,7400,0]
[2383,20,7000,0]
[16885,20,6700,0]
[22731,20,7400,0]
[19477,20,6600,0]
[6305,20,7200,0]
[8144,20,7600,0]
[21465,20,6700,0]
[26688,20,6400,0]
[21485,20,6600,0]
[8232,20,6800,0]
[13465,20,6900,0]
[27269,20,7100,0]
[1288,20,6500,0]
[569,20,6600,0]
[6977,20,6200,0]
[28269,20,7200,0]
[38787,20,6500,0]
[34648,20,7300,0]
[15791,20,6700,0]
[6447,20,7800,0]
[23501,20,6300,0]
[12003,20,8000,0]
[20438,20,6400,0]
[9851,20,7800,0]
[27187,20,6900,0]
[11220,20,6800,0]
[37715,20,7300,0]
[20711,20,6200,0]
[34433,20,7300,0]
[31403,20,7100,0]
[34084,20,7300,0]
[2641,20,7500,0]
[17521,20,7600,0]
[37070,20,7100,0]
[14415,20,7400,0]
[35842,20,7500,0]
[28231,20,6500,0]
[6712,20,7200,0]
[33919,20,6800,0]
[30504,20,6600,0]
[38230,20,7500,0]
[39992,20,7200,0]
[38733,20,7000,0]
[13266,20,7700,0]
[13600,20,7000,0]
[12490,20,7300,0]
[9497,20,7000,0]
[28732,20,7000,0]
[10895,20,7400,0]
[29044,20,7400,0]
[17207,20,6300,0]
[14037,20,7400,0]
[36987,20,6700,0]
[34929,20,6400,0]
[14985,20,7500,0]
[423,20,6900,0]
[13435,20,7100,0]
[25372,20,7600,0]
[28123,20,6800,0]
[8180,20,7300,0]
[30291,20,6500,0]
[19835,20,7600,0]
[31753,20,7800,0]
[26789,20,7400,0]
[16647,20,7100,0]
[16279,20,6900,0]
[22120,20,6800,0]
[31326,20,6800,0]
[34468,20,7300,0]
[37334,20,7500,0]
[27453,20,6600,0]
[6910,20,6900,0]
[14136,20,6900,0]
[15966,20,6800,0]
[31080,20,7600,0]
[4398,20,7600,0]
[5691,20,6900,0]
[6472,20,6900,0]
[14985,20,7500,0]
[7800,20,7000,0]
[26374,20,6000,0]
[10879,20,7300,0]
[37011,20,7000,0]
[3940,20,7000,0]
[9197,20,7300,0]
[33675,20,7300,0]
[19005,20,7100,0]
[4522,20,7500,0]
[25426,20,6200,0]
[14072,20,6100,0]
[29366,20,7400,0]
[35076,20,7900,0]
[9565,20,7100,0]
[13335,20,6900,0]
[31223,20,8100,0]
[39214,20,7500,0]
[16887,20,6100,0]
[28240,20,7400,0]
[25443,20,7200,0]
[30822,20,7100,0]
[38668,20,7600,0]
[2517,20,7300,0]
[27918,20,7100,0]
[12721,20,6700,0]
[2912,20,7600,0]
[19233,20,7500,0]
[38647,20,7300,0]
[34433,20,7300,0]
[5094,20,7700,0]
[17082,20,6400,0]
[26216,20,7200,0]
[32551,20,8000,0]
[9450,20,7000,0]
[33718,20,7100,0]
[34783,20,7200,0]
[9287,20,7600,0]
[27017,20,6700,0]
[12461,20,7000,0]
[32708,20,7200,0]
[37052,20,7200,0]
[16976,20,6400,0]
[14179,20,6600,0]
[34531,20,7000,0]
[15312,20,6100,0]
[36706,20,7100,0]
[25064,20,6800,0]
[29067,20,7400,0]
[22854,20,7100,0]
[16701,20,6700,0]
[14541,20,6800,0]
[28542,20,7200,0]
[30127,20,6100,0]
[3998,20,6700,0]
[14573,20,5900,0]
[28400,20,7400,0]
[38450,20,6900,0]
[31810,20,6900,0]
[37538,20,6700,0]
[22352,20,7300,0]
[24125,20,7500,0]
[15730,20,7000,0]
[20490,20,6400,0]
[7136,20,7200,0]
[33268,20,7000,0]
[12097,20,7500,0]
[37273,20,7400,0]
[6399,20,6900,0]
[12892,20,6900,0]
[30965,20,6100,0]
[14055,20,8200,0]
[31924,20,6900,0]
[25225,20,6300,0]
[16178,20,7600,0]
[26836,20,7200,0]
[18654,20,6900,0]
[2166,20,6600,0]
[15947,20,6500,0]
[11153,20,7400,0]
[16337,20,7000,0]
[17093,20,7200,0]
[9928,20,6600,0]
[36704,20,6900,0]
[30845,20,6300,0]
[13539,20,6300,0]
[35008,20,7300,0]
[16811,20,7600,0]
[5884,20,7900,0]
[17348,20,7600,0]
[26902,20,7400,0]
[11580,20,6600,0]
[12427,20,7600,0]
[16861,20,6700,0]
[25739,20,6900,0]
[33308,20,6800,0]
[12530,20,7400,0]
[7446,20,7000,0]
[33968,20,6900,0]
[16163,20,6900,0]
[12395,20,7100,0]
[14066,20,6000,0]
[30601,20,6500,0]
[21067,20,7400,0]
[27132,20,7400,0]
[21715,20,7000,0]
[20253,20,6800,0]
[37000,20,7400,0]
[17403,20,7300,0]
[18095,20,7700,0]
[31315,20,6800,0]
[37523,20,7900,0]
[39660,20,6300,0]
[36600,20,7600,0]
[15424,20,6700,0]
[3561,20,6600,0]
[8255,20,7100,0]
[18272,20,7300,0]
[4608,20,6600,0]
[27489,20,7600,0]
[30255,20,7600,0]
[231,20,6900,0]
[6481,20,6300,0]
[13598,20,6300,0]
[11705,20,7300,0]
[17828,20,7200,0]
[25361,20,8100,0]
[24228,20,6900,0]
[36364,20,6800,0]
[26720,20,6800,0]
[38511,20,6400,0]
[6785,20,6600,0]
[5277,20,7400,0]
[16343,20,7400,0]
[23654,20,7600,0]
[10248,20,6900,0]
[15791,20,6700,0]
[7581,20,6900,0]
