[8683,20,6400,2]
[774,20,7400,2]
[257,20,7800,2]
[21596,20,6300,4]
[13163,20,7700,4]
[23080,20,6400,2]
[12085,20,7600,2]
[11035,20,7400,2]
[8432,20,6100,2]
[27244,20,6300,2]
[1805,20,7300,2]
[26190,20,6600,2]
[19071,20,6400,2]
[35443,20,6300,2]
[15374,20,6200,2]
[36285,20,7100,2]
[28469,20,6200,2]
[7210,20,7700,2]
[29379,20,6700,2]
[35657,20,6200,2]
[32331,20,7200,2]
[35813,20,8200,2]
[21638,20,6700,2]
[19357,20,7100,2]
[33897,20,7300,3]
[5093,20,7700,2]
[17946,20,7100,2]
[16222,20,7600,2]
[18798,20,6800,2]
[16233,20,6700,2]
[31582,20,7300,2]
[35286,20,6800,2]
[35904,20,6500,2]
[25936,20,7300,2]
[18363,20,7400,6]
[25533,20,7500,4]
[22591,20,7700,2]
[30148,20,7300,2]
[39728,20,6700,2]
[32009,20,7500,2]
[24379,20,6000,2]
[21051,20,7100,2]
[4034,20,6600,2]
[30222,20,7400,3]
[17333,20,6100,4]
[33189,20,7400,2]
[27375,20,6900,2]
[31797,20,6800,2]
[9026,20,7900,2]
[20044,20,7300,2]
[19212,20,6900,2]
[28468,20,7600,2]
[33118,20,6900,2]
[18383,20,6700,2]
[2354,20,7100,2]
[21443,20,6700,2]
[23501,20,6300,3]
[12635,20,6700,4]
[29332,20,6000,2]
[26267,20,7100,2]
[37965,20,6400,2]
[23844,20,6800,2]
[34670,20,7700,2]
[3033,20,6700,2]
[8847,20,6400,2]
[34637,20,7100,4]
[20936,20,7100,2]
[29766,20,7000,2]
[2319,20,6800,2]
[29141,20,7800,2]
[27328,20,6000,2]
[39850,20,7700,2]
[14499,20,6600,3]
[36411,20,6700,2]
[20124,20,6900,2]
[3064,20,6800,4]
[6751,20,6300,2]
[6185,20,7700,4]
[2300,20,7200,2]
[20826,20,7400,3]
[9953,20,7100,2]
[24597,20,7000,2]
[17109,20,6200,2]
[36673,20,7600,2]
[34867,20,7300,2]
[10520,20,7500,2]
[5929,20,7100,4]
[13355,20,7700,4]
[20826,20,7400,4]
[14314,20,7600,2]
[24701,20,7000,2]
[22770,20,7500,2]
[360,20,7500,2]
[5078,20,7300,2]
[21057,20,7100,2]
[26554,20,7500,2]
[13828,20,7800,2]
[5080,20,6500,2]
[9601,20,7400,2]
[16065,20,8000,2]
[30184,20,6300,4]
[30062,20,7700,2]
[30914,20,6300,2]
[5264,20,7600,3]
[29401,20,7000,2]
[33434,20,6600,2]
[31682,20,7000,2]
[29350,20,7100,4]
[27212,20,7400,2]
[22024,20,6400,2]
[17805,20,7000,2]
[32058,20,6700,2]
[16777,20,6200,2]
[33825,20,7700,2]
[9302,20,6500,3]
[15497,20,7000,2]
[32227,20,7000,4]
[20388,20,6500,2]
[21048,20,7900,2]
[37849,20,7600,4]
[36504,20,7200,2]
[25376,20,6700,3]
[29605,20,6800,2]
[20682,20,6400,2]
[5954,20,7100,2]
[14074,20,6100,2]
[19596,20,6700,2]
[19398,20,6500,2]
[37360,20,7100,2]
[17384,20,6600,2]
[13679,20,6400,2]
[34062,20,6800,2]
[11641,20,7100,2]
[24733,20,7200,2]
[25889,20,6200,2]
[11242,20,7000,3]
[30625,20,7200,2]
[13,20,7300,2]
[3094,20,7900,2]
[13066,20,7400,2]
[2589,20,5900,2]
[21,20,6700,4]
[8471,20,7000,2]
[31982,20,7000,4]
[36323,20,7200,2]
[5491,20,7300,2]
[31566,20,6600,2]
[17105,20,7300,2]
[11318,20,6200,2]
[35116,20,7200,2]
[8560,20,7900,2]
[39222,20,7200,2]
[19772,20,7100,2]
[31329,20,7600,2]
[21862,20,7400,2]
[33887,20,6600,2]
[10264,20,6700,2]
[36238,20,7100,2]
[25903,20,7000,2]
[15970,20,7000,2]
[33315,20,6300,2]
[35851,20,6800,2]
[5355,20,6300,2]
[26539,20,7400,2]
[9596,20,6500,2]
[7359,20,7100,2]
[39798,20,6700,2]
[25604,20,7100,6]
[17002,20,7800,2]
[28437,20,7500,2]
[12819,20,7700,2]
[18964,20,6400,2]
[35691,20,6700,2]
[14526,20,7100,2]
[35392,20,6900,4]
[203,20,6800,2]
[28715,20,6300,2]
[39545,20,7400,2]
[39415,20,7100,2]
[20948,20,6500,3]
[32729,20,7300,4]
[35825,20,6900,4]
[37550,20,7300,2]
[3454,20,7100,4]
[38509,20,6600,2]
[9354,20,6200,2]
[30562,20,7300,2]
[23984,20,6200,2]
[12608,20,6400,4]
[33190,20,7400,2]
[32564,20,7100,2]
[21027,20,7200,5]
[36094,20,8200,2]
[6571,20,7300,2]
[28162,20,7000,2]
[22865,20,7000,2]
[22240,20,7000,6]
[10327,20,7800,2]
[25716,20,7200,2]
[16555,20,6800,5]
[26517,20,7900,2]
[19386,20,6900,2]
[206,20,6600,2]
[39526,20,6700,3]
[17176,20,7600,2]
[19477,20,6600,3]
[29579,20,7700,2]
[14852,20,7800,2]
[18668,20,6800,2]
[3985,20,6500,3]
[10594,20,7000,3]
[28112,20,7700,2]
[1009,20,6600,2]
[20046,20,7300,2]
[34654,20,6400,2]
[28296,20,6800,2]
[15772,20,6500,4]
[156,20,6700,2]
[28949,20,7000,4]
[12219,20,7200,4]
[29539,20,6800,2]
[38464,20,7000,2]
[29062,20,6600,2]
[30921,20,6600,4]
[21943,20,7000,2]
[4253,20,7000,2]
[14043,20,6700,4]
[12178,20,7500,2]
[26715,20,7200,2]
[8222,20,7500,2]
[2613,20,7300,2]
[10021,20,7300,2]
[31813,20,6900,2]
[24955,20,7800,2]
[38069,20,6500,2]
[24899,20,7600,2]
[3657,20,6700,2]
[3672,20,7600,2]
[34060,20,6400,4]
[17074,20,6500,2]
[32773,20,7100,2]
[32218,20,7900,4]
[8280,20,5700,2]
[18100,20,7300,2]
[32588,20,7300,2]
[3543,20,6800,2]
[39320,20,7600,4]
[6365,20,6600,2]
[20468,20,6800,2]
[5185,20,6500,2]
[3411,20,6500,2]
[22881,20,7300,2]
[38143,20,6600,2]
[22814,20,7000,4]
[31061,20,7100,2]
[13007,20,6900,2]
[5573,20,6600,2]
[29114,20,6900,4]
[417,20,7500,2]
[12955,20,5600,4]
[6003,20,6600,2]
[17587,20,6800,2]
[25202,20,7400,2]
[28122,20,7400,3]
[7910,20,7200,2]
[37555,20,7100,2]
[36719,20,7000,2]
[10860,20,7500,6]
[33896,20,7100,2]
[27716,20,7200,2]
[759,20,6800,2]
[14114,20,6500,2]
[24064,20,6800,2]
[19930,20,7800,4]
[18134,20,7100,4]
[29130,20,7000,2]
[13218,20,7200,2]
[16753,20,7900,2]
[32517,20,6800,2]
[10716,20,7000,2]
[23420,20,6000,4]
[2652,20,6800,2]
[2697,20,7200,2]
[24619,20,6700,2]
[23994,20,6500,2]
[6242,20,6400,2]
[21575,20,7400,2]
[4924,20,7700,4]
[29032,20,6700,4]
[11719,20,7000,2]
[27762,20,6400,2]
[799,20,7100,2]
[20606,20,6600,2]
[14527,20,6300,2]
[11711,20,7600,2]
[20770,20,7500,4]
[2842,20,6900,2]
[26682,20,8000,2]
[8590,20,7200,5]
[11779,20,7200,2]
[32191,20,7500,4]
[38084,20,7800,2]
[4148,20,6500,4]
[2219,20,6600,2]
[32941,20,7300,2]
[31140,20,6700,2]
[35820,20,7400,2]
[13814,20,6900,2]
[35226,20,6300,3]
[28498,20,6500,4]
[29754,20,8200,2]
[13472,20,5700,3]
[14337,20,7400,4]
[24197,20,7200,2]
[6633,20,7600,2]
[33719,20,6500,2]
[22190,20,6600,3]
[35127,20,7700,2]
[31353,20,6600,2]
[10127,20,6900,2]
[34241,20,6800,4]
[25247,20,7400,2]
[12015,20,6900,2]
[22676,20,6500,2]
[19006,20,6000,2]
[4016,20,7100,2]
[5116,20,7800,6]
[5724,20,7000,2]
[22560,20,7000,2]
[17661,20,6600,4]
[38241,20,7700,2]
[27575,20,6800,2]
[31826,20,7700,2]
[12224,20,7100,2]
[1835,20,5800,2]
[25360,20,7200,2]
[13170,20,7500,2]
[39764,20,6800,2]
[29455,20,7700,2]
[19323,20,6800,2]
[17751,20,6400,2]
[29657,20,6300,2]
[2859,20,6100,2]
[8100,20,6600,2]
[38100,20,7000,2]
[22660,20,6900,3]
[821,20,7900,2]
[12301,20,7800,2]
[25490,20,6500,4]
[23317,20,6700,2]
[19667,20,6600,4]
[19684,20,6700,2]
[14372,20,7100,2]
[4675,20,6700,2]
[16832,20,7100,2]
[34343,20,6300,3]
[10278,20,7000,2]
[26694,20,7200,2]
[22499,20,6900,2]
[3798,20,6900,4]
[39022,20,7000,2]
[15046,20,7000,2]
[7519,20,6600,2]
[1376,20,7100,2]
[11566,20,6300,4]
[23928,20,7600,2]
[3490,20,6400,2]
[10698,20,6500,2]
[32197,20,6000,2]
[35574,20,6700,2]
[12401,20,7100,2]
[34909,20,7200,2]
[3147,20,6800,2]
[7693,20,6500,2]
[15698,20,6700,2]
[31960,20,7600,2]
[9562,20,7300,2]
[30156,20,7200,2]
[10910,20,7000,2]
[16443,20,6700,2]
[23821,20,6300,2]
[16754,20,6800,2]
[27960,20,7000,2]
[32407,20,6900,2]
[8971,20,6300,2]
[2742,20,6900,4]
[35582,20,7500,2]
[8900,20,6600,2]
[21947,20,7500,2]
[39526,20,6700,4]
[787,20,7200,2]
[22948,20,7100,4]
[35433,20,6900,2]
[37774,20,6700,4]
[17368,20,7300,2]
[10399,20,7900,2]
[33826,20,6900,2]
[6583,20,6800,4]
[3534,20,6900,4]
[25857,20,6500,2]
[36265,20,6800,2]
[15031,20,7300,3]
[13451,20,6800,2]
[34757,20,7400,2]
[25985,20,6600,6]
[36478,20,6900,2]
[33253,20,6000,3]
[24853,20,7400,2]
[29678,20,7000,2]
[32931,20,6900,2]
[15258,20,7400,2]
[15860,20,6100,2]
[3651,20,7300,2]
[6506,20,7000,4]
[37073,20,7800,2]
[4168,20,7800,6]
[28311,20,7100,2]
[24870,20,7400,2]
[26719,20,5900,4]
[822,20,7300,2]
[12677,20,6700,2]
[12970,20,7000,2]
[884,20,7000,2]
[36433,20,6900,2]
[3402,20,7200,2]
[33103,20,7600,2]
[10664,20,5600,2]
[39490,20,7700,2]
[13324,20,6300,2]
[28899,20,6100,2]
[12205,20,7800,2]
[7856,20,6900,2]
[1955,20,7500,2]
[13861,20,7000,2]
[7231,20,6900,2]
[37416,20,7200,4]
[13780,20,7200,2]
[16267,20,6400,3]
[22662,20,7000,4]
[34933,20,6100,2]
[11970,20,8000,2]
[36888,20,7700,2]
[2552,20,7100,2]
[15227,20,7700,4]
[36586,20,7200,2]
[30297,20,6000,4]
[8325,20,6500,2]
[3289,20,6900,2]
[8010,20,6700,2]
[23000,20,7900,6]
[8590,20,7200,6]
[27994,20,7400,2]
[6575,20,7100,2]
[3621,20,7300,4]
[19021,20,7300,4]
[6523,20,6500,2]
[36945,20,6800,2]
[39403,20,6500,4]
[2011,20,7400,4]
[11897,20,7000,2]
[24015,20,6600,3]
[2729,20,7200,2]
[38567,20,7400,4]
[31961,20,7500,6]
[24556,20,7200,3]
[21255,20,6400,3]
[3559,20,7200,2]
[27508,20,7300,2]
[38080,20,7200,2]
[30428,20,7100,2]
[1657,20,5400,2]
[30578,20,6800,6]
[36807,20,6900,2]
[37660,20,7200,2]
[38519,20,7100,4]
[24095,20,6800,4]
[24922,20,6000,2]
[18206,20,7500,2]
[1750,20,6600,2]
[31102,20,8300,2]
[35393,20,7600,4]
[30675,20,6900,2]
[26631,20,7700,6]
[9866,20,7400,2]
[2014,20,6500,2]
[32584,20,7300,2]
[31800,20,7600,2]
[16171,20,7800,2]
[6453,20,7000,2]
[19654,20,6700,2]
[34507,20,6700,2]
[32910,20,7000,2]
[38053,20,8100,2]
[39275,20,6300,2]
[22900,20,6000,2]
[37811,20,6900,2]
[17062,20,6000,3]
[26137,20,7000,2]
[30534,20,7300,2]
[33084,20,7200,2]
