[34707,20,6500,0]
[9707,20,6900,0]
[20650,20,7300,0]
[24912,20,7600,0]
[15633,20,7100,0]
[10786,20,6700,0]
[21347,20,6700,0]
[12339,20,5900,0]
[23818,20,6800,0]
[30894,20,6700,0]
[3093,20,7000,0]
[15884,20,7100,0]
[339,20,7300,0]
[15982,20,6700,0]
[18324,20,6600,0]
[22046,20,6600,0]
[13067,20,7200,0]
[33368,20,6600,0]
[30194,20,7400,0]
[32565,20,7600,0]
[28275,20,7400,0]
[33634,20,7100,0]
[2289,20,7000,0]
[39841,20,6100,0]
[38456,20,6400,0]
[6345,20,6900,0]
[4900,20,7300,0]
[3362,20,7000,0]
[22088,20,7000,0]
[30405,20,7700,0]
[9299,20,7400,0]
[17333,20,6100,0]
[8858,20,7500,0]
[14020,20,7300,0]
[28323,20,6600,0]
[5795,20,6000,0]
[33493,20,7400,0]
[16909,20,7100,0]
[35030,20,6900,0]
[21933,20,7200,0]
[21541,20,6700,0]
[24759,20,6300,0]
[29277,20,7400,0]
[24401,20,6000,0]
[7768,20,6800,0]
[28369,20,6600,0]
[4976,20,7100,0]
[27556,20,7700,0]
[7385,20,8000,0]
[6447,20,7800,0]
[905,20,7100,0]
[22143,20,8200,0]
[11834,20,7400,0]
[22685,20,7000,0]
[23479,20,7000,0]
[13032,20,7500,0]
[1158,20,7700,0]
[24085,20,6700,0]
[8029,20,6700,0]
[26944,20,7000,0]
[20994,20,7100,0]
[34874,20,7300,0]
[39621,20,7100,0]
[38188,20,6900,0]
[10989,20,6600,0]
[2167,20,7100,0]
[10801,20,6500,0]
[15651,20,6900,0]
[17887,20,7300,0]
[38883,20,6700,0]
[21058,20,6800,0]
[14807,20,5700,0]
[3427,20,7200,0]
[38957,20,7100,0]
[7878,20,6400,0]
[4946,20,7000,0]
[1034,20,6600,0]
[32733,20,7200,0]
[37618,20,6900,0]
[14125,20,7200,0]
[38164,20,7500,0]
[10598,20,7300,0]
[2663,20,7000,0]
[13718,20,6600,0]
[23879,20,6600,0]
[32192,20,7800,0]
[31486,20,7200,0]
[20519,20,6400,0]
[3604,20,6400,0]
[345,20,7600,0]
[20328,20,6000,0]
[24353,20,7200,0]
[2254,20,6500,0]
[13884,20,6800,0]
[32678,20,7500,0]
[8245,20,6800,0]
[26272,20,6500,0]
[36909,20,7100,0]
[1491,20,7000,0]
[26957,20,7800,0]
[3822,20,6800,0]
[18758,20,7000,0]
[33935,20,7800,0]
[18430,20,7500,0]
[26235,20,7300,0]
[17880,20,7300,0]
[25049,20,7500,0]
[21634,20,6900,0]
[18350,20,7500,0]
[574,20,7200,0]
[27905,20,7100,0]
[13961,20,7100,0]
[37209,20,6200,0]
[11974,20,6600,0]
[27792,20,6400,0]
[4518,20,7100,0]
[18449,20,6300,0]
[12466,20,6600,0]
[13249,20,7500,0]
[24368,20,7900,0]
[23392,20,7000,0]
[5890,20,6300,0]
[13889,20,6900,0]
[32837,20,6200,0]
[8863,20,6900,0]
[5193,20,7600,0]
[7681,20,7000,0]
[30861,20,6900,0]
[33495,20,6800,0]
[33295,20,7100,0]
[25639,20,8300,0]
[2618,20,6100,0]
[1800,20,6900,0]
[33929,20,6000,0]
[34904,20,7900,0]
[32004,20,7300,0]
[31479,20,7200,0]
[19479,20,6700,0]
[33013,20,7600,0]
[36045,20,7500,0]
[19679,20,7200,0]
[8758,20,7100,0]
[25389,20,7000,0]
[32397,20,6800,0]
[5251,20,7000,0]
[24563,20,6700,0]
[36257,20,7500,0]
[29692,20,6800,0]
[29548,20,5900,0]
[12857,20,6600,0]
[16098,20,6500,0]
[33673,20,6800,0]
[8412,20,7500,0]
[36581,20,6700,0]
[25394,20,6800,0]
[5309,20,7400,0]
[904,20,7300,0]
[4919,20,7300,0]
[25253,20,6300,0]
[31963,20,7700,0]
[6746,20,7300,0]
[24097,20,7300,0]
[22637,20,7100,0]
[31046,20,7100,0]
[21478,20,6600,0]
[34781,20,6700,0]
[28376,20,6700,0]
[33405,20,7200,0]
[684,20,6400,0]
[8408,20,7400,0]
[14752,20,7400,0]
[34528,20,6400,0]
[36331,20,7600,0]
[32806,20,6400,0]
[10289,20,7600,0]
[5921,20,7400,0]
[23383,20,7200,0]
[35379,20,7200,0]
[38824,20,7300,0]
[39299,20,7100,0]
[2804,20,6900,0]
[25930,20,7100,0]
[37171,20,8000,0]
[37088,20,6800,0]
[16373,20,7500,0]
[1106,20,7100,0]
[29361,20,7600,0]
[36133,20,7400,0]
[35981,20,7600,0]
[36622,20,7100,0]
[31375,20,7600,0]
[19970,20,6300,0]
[1143,20,6700,0]
[5341,20,7200,0]
[33681,20,7900,0]
[4304,20,7200,0]
[6842,20,7300,0]
[11421,20,7500,0]
[31745,20,7400,0]
[19549,20,7700,0]
[13963,20,7000,0]
[29221,20,6800,0]
[27711,20,6800,0]
[5123,20,7100,0]
[27910,20,6500,0]
[27081,20,8000,0]
[2375,20,7200,0]
[35128,20,7000,0]
[36510,20,7400,0]
[24148,20,7700,0]
[9565,20,7100,0]
[36850,20,6900,0]
[33550,20,6800,0]
[14357,20,6700,0]
[20845,20,7200,0]
[25214,20,7400,0]
[29085,20,7500,0]
[4531,20,6900,0]
[6454,20,7600,0]
[28719,20,6800,0]
[6008,20,7200,0]
[19101,20,6900,0]
[26461,20,6500,0]
[13638,20,6700,0]
[11289,20,7300,0]
[7269,20,6800,0]
[39214,20,7500,0]
[6780,20,7700,0]
[26416,20,6800,0]
[29230,20,7500,0]
[33139,20,6800,0]
[14747,20,6700,0]
[8346,20,6200,0]
[7149,20,6900,0]
[31019,20,7400,0]
[21213,20,7500,0]
[5196,20,7200,0]
[34429,20,5900,0]
[27660,20,6200,0]
[18233,20,7000,0]
[6506,20,7000,0]
[13159,20,7100,0]
[33094,20,6400,0]
[15654,20,6400,0]
[27686,20,7500,0]
[22568,20,5800,0]
[5087,20,6700,0]
[14379,20,7000,0]
[21263,20,7200,0]
[9847,20,7200,0]
[6205,20,6600,0]
[11174,20,6700,0]
[27627,20,7000,0]
[1630,20,7100,0]
[17730,20,6900,0]
[34766,20,6600,0]
[25513,20,7300,0]
[10582,20,6700,0]
[29795,20,6600,0]
[25367,20,7300,0]
[9386,20,7700,0]
[11029,20,6300,0]
[10577,20,6900,0]
[27410,20,6500,0]
[22709,20,7400,0]
[19499,20,6100,0]
[1104,20,6900,0]
[2675,20,6900,0]
[22484,20,6800,0]
[278,20,7000,0]
[34644,20,6100,0]
[20434,20,7100,0]
[10955,20,6800,0]
[18094,20,7200,0]
[21027,20,7200,0]
[10040,20,6500,0]
[15012,20,6800,0]
[23056,20,6900,0]
[2317,20,6700,0]
[11067,20,7400,0]
[35830,20,7300,0]
[15197,20,6400,0]
[8918,20,7100,0]
[19064,20,6800,0]
[14195,20,7200,0]
[25195,20,7100,0]
[4042,20,7600,0]
[13584,20,7900,0]
[7342,20,7200,0]
[25239,20,7200,0]
[7230,20,6400,0]
[32876,20,7600,0]
[35465,20,7100,0]
[28449,20,7100,0]
[29514,20,6900,0]
[24560,20,7600,0]
[24440,20,6800,0]
[38766,20,6800,0]
[16948,20,7000,0]
[10267,20,7400,0]
[31107,20,6600,0]
[2781,20,7100,0]
[3024,20,6500,0]
[16466,20,7200,0]
[32237,20,7200,0]
[22998,20,7400,0]
[6810,20,6400,0]
[27268,20,6400,0]
[6778,20,6900,0]
[18363,20,7400,0]
[13082,20,7000,0]
[28067,20,7100,0]
[25441,20,6400,0]
[35532,20,7100,0]
[2424,20,7300,0]
[24793,20,6600,0]
[17601,20,6400,0]
[28214,20,6600,0]
[2577,20,7200,0]
[24416,20,7200,0]
[36279,20,7400,0]
[6190,20,7300,0]
[25985,20,6600,0]
[34761,20,7100,0]
[20435,20,6300,0]
[24680,20,6600,0]
[30022,20,6100,0]
[14515,20,6100,0]
[20840,20,7200,0]
[18190,20,7300,0]
[31240,20,7300,0]
[21336,20,6600,0]
[9787,20,7200,0]
[4415,20,6400,0]
[435,20,6400,0]
[21724,20,6300,0]
[3919,20,6600,0]
[29348,20,6500,0]
[20194,20,7100,0]
[17313,20,6900,0]
[4575,20,6400,0]
[29677,20,7600,0]
[20652,20,6800,0]
[13343,20,6800,0]
[20185,20,6700,0]
[14211,20,7300,0]
[28755,20,7600,0]
[31866,20,7300,0]
[37257,20,6800,0]
[6785,20,6600,0]
[30536,20,7000,0]
[3440,20,7000,0]
[35133,20,7000,0]
[25483,20,6800,0]
[37875,20,6200,0]
[23346,20,7700,0]
[36085,20,7400,0]
[15866,20,6800,0]
[9599,20,7100,0]
[37343,20,6600,0]
[3719,20,7400,0]
[12232,20,6600,0]
[26280,20,6800,0]
[20030,20,6900,0]
[24122,20,6300,0]
[33216,20,6900,0]
[28103,20,7300,0]
[27464,20,6900,0]
[11756,20,7300,0]
[14150,20,6800,0]
[25553,20,7400,0]
[28290,20,6400,0]
[18721,20,7300,0]
[23093,20,6900,0]
[2154,20,6700,0]
[21812,20,6300,0]
[25511,20,7200,0]
[33050,20,6400,0]
[25123,20,6900,0]
[37416,20,7200,0]
[17811,20,6000,0]
[16586,20,7500,0]
[3901,20,7600,0]
[24727,20,6600,0]
[10921,20,7300,0]
[519,20,7100,0]
[18475,20,7200,0]
[25777,20,6400,0]
[4337,20,7300,0]
[25972,20,7300,0]
[32257,20,6100,0]
[3807,20,6800,0]
[115,20,7700,0]
[13508,20,8300,0]
[38027,20,5700,0]
[14014,20,7300,0]
[16509,20,7600,0]
[12911,20,7200,0]
[28121,20,6400,0]
[34504,20,6700,0]
[37615,20,8000,0]
[24123,20,7300,0]
[6699,20,6400,0]
[39489,20,8000,0]
[3474,20,6600,0]
[8170,20,6500,0]
[25049,20,7500,0]
[19932,20,7500,0]
[24954,20,7200,0]
[33106,20,7100,0]
[17302,20,7200,0]
[19753,20,7400,0]
[36729,20,7200,0]
[20801,20,7700,0]
[32843,20,6700,0]
[7715,20,6900,0]
[1636,20,7700,0]
[5929,20,7100,0]
[20161,20,6900,0]
[22282,20,7900,0]
[21993,20,7400,0]
[20001,20,7400,0]
[23646,20,7300,0]
[25714,20,7500,0]
[8011,20,7200,0]
[7507,20,6300,0]
[33885,20,7800,0]
[23384,20,6500,0]
[21117,20,7400,0]
[31237,20,6800,0]
[19605,20,6600,0]
[17506,20,6700,0]
[4111,20,6900,0]
[30582,20,7200,0]
[10805,20,7500,0]
[39218,20,7000,0]
[22653,20,7400,0]
[8144,20,7600,0]
[26451,20,7300,0]
[39553,20,6700,0]
[26562,20,7300,0]
[9189,20,6700,0]
[19190,20,7300,0]
[1395,20,7300,0]
[17082,20,6400,0]
[19190,20,7300,0]
[26606,20,7500,0]
[26660,20,7200,0]
[28714,20,7100,0]
[22252,20,7600,0]
[39501,20,7200,0]
[23851,20,6300,0]
[23420,20,6000,0]
[5576,20,6800,0]
[36746,20,7900,0]
[12845,20,7000,0]
[6469,20,7200,0]
[2269,20,7600,0]
[24915,20,7700,0]
[11428,20,7400,0]
[7216,20,6900,0]
[35696,20,7000,0]
[31202,20,7500,0]
[24799,20,6900,0]
[23406,20,6600,0]
[11864,20,7200,0]
[35526,20,7200,0]
[14312,20,7000,0]
[4787,20,7100,0]
[30875,20,6800,0]
[8286,20,7400,0]
[5735,20,7200,0]
[36596,20,7200,0]
[10262,20,6600,0]
[23069,20,7400,0]
[28978,20,7300,0]
[19746,20,7100,0]
[9231,20,6800,0]
[38598,20,7600,0]
[5369,20,7200,0]
[10178,20,6400,0]
[4789,20,6600,0]
[7022,20,7100,0]
[31127,20,7800,0]
[5548,20,6500,0]
[36815,20,6800,0]
[5872,20,6600,0]
[31056,20,7600,0]
[19278,20,7000,0]
[19574,20,6900,0]
[24367,20,7600,0]
[27364,20,6500,0]
[17571,20,7200,0]
[16309,20,7000,0]
[32759,20,7300,0]
[7878,20,6400,0]
[23088,20,6700,0]
[30547,20,7000,0]
[31626,20,7200,0]
[32011,20,7100,0]
