[11177,20,6600,2]
[7597,20,7900,2]
[8497,20,7100,2]
[15045,20,6200,2]
[24940,20,7300,2]
[33240,20,6700,4]
[32752,20,7200,2]
[25780,20,6600,2]
[33856,20,6800,4]
[9076,20,8100,2]
[19327,20,7300,4]
[22126,20,7000,2]
[38992,20,6700,2]
[11167,20,6800,2]
[14008,20,7100,2]
[8819,20,6700,3]
[18073,20,6500,2]
[2986,20,6300,2]
[2858,20,7400,2]
[31522,20,7900,2]
[19549,20,7700,3]
[16503,20,7400,2]
[36428,20,7200,2]
[37215,20,6800,2]
[26978,20,7400,2]
[25526,20,7100,2]
[29136,20,6300,2]
[15602,20,8000,2]
[27903,20,7200,2]
[27242,20,7200,2]
[11942,20,6900,3]
[15155,20,6700,2]
[16124,20,6800,4]
[6288,20,7100,5]
[11103,20,7700,6]
[18987,20,7000,2]
[18904,20,7700,3]
[365,20,6400,2]
[17277,20,7700,2]
[4423,20,7200,2]
[25536,20,6500,2]
[31067,20,6600,2]
[16345,20,7000,2]
[6978,20,6800,2]
[30704,20,7000,2]
[34370,20,6800,2]
[32141,20,7500,2]
[34738,20,8000,2]
[7903,20,7300,2]
[9064,20,7400,2]
[15928,20,6700,2]
[12732,20,7700,2]
[2588,20,6900,2]
[33633,20,7100,2]
[1160,20,6800,4]
[6232,20,7200,4]
[22617,20,6700,3]
[4878,20,7400,2]
[29252,20,6500,2]
[10961,20,6600,2]
[31466,20,7200,2]
[7517,20,6900,2]
[18284,20,7200,2]
[10986,20,7100,2]
[28331,20,7200,2]
[19197,20,6900,2]
[32150,20,8000,4]
[17186,20,6500,2]
[17389,20,7900,2]
[4171,20,6700,2]
[850,20,6400,2]
[37515,20,6100,2]
[19717,20,6200,2]
[35507,20,7000,2]
[31468,20,6900,2]
[8236,20,7000,2]
[19167,20,7600,2]
[7244,20,7900,2]
[26522,20,7100,4]
[6544,20,7000,2]
[17440,20,6400,2]
[31273,20,7000,2]
[8759,20,6900,2]
[1964,20,7400,4]
[5209,20,6900,3]
[34099,20,6700,4]
[19362,20,7600,4]
[6148,20,7000,2]
[35179,20,7100,2]
[6532,20,6200,4]
[37231,20,6100,2]
[17429,20,7700,2]
[7258,20,6800,2]
[18160,20,7500,2]
[16779,20,6100,2]
[35358,20,7400,2]
[39779,20,6400,2]
[6988,20,6900,4]
[38836,20,6900,2]
[29807,20,6900,2]
[167,20,7100,2]
[7242,20,7100,2]
[15964,20,6500,2]
[32152,20,6800,2]
[8017,20,7500,3]
[39844,20,6200,3]
[13065,20,6900,3]
[35076,20,7900,3]
[34717,20,7600,2]
[15381,20,8000,2]
[4896,20,7500,2]
[17234,20,7700,2]
[900,20,7600,2]
[32874,20,7700,4]
[36463,20,6900,2]
[26499,20,7700,2]
[2927,20,6800,2]
[22481,20,6900,2]
[2974,20,7400,2]
[24009,20,6200,2]
[3760,20,7700,2]
[39258,20,7400,2]
[14588,20,6300,2]
[5984,20,7200,6]
[12374,20,7700,2]
[33750,20,6900,2]
[17426,20,8100,2]
[32393,20,7700,2]
[29051,20,7700,2]
[34105,20,7500,4]
[25610,20,7000,2]
[8732,20,6800,2]
[39604,20,6600,4]
[13080,20,6300,2]
[24918,20,7000,2]
[17651,20,5900,2]
[34936,20,7900,2]
[23612,20,6700,4]
[15526,20,5900,4]
[23440,20,6300,2]
[6286,20,6800,2]
[33409,20,7300,4]
[20516,20,6900,2]
[32460,20,6800,4]
[7173,20,7000,2]
[9471,20,7200,2]
[31484,20,7200,2]
[14510,20,7400,2]
[29404,20,7000,3]
[10470,20,7200,2]
[4136,20,6900,2]
[15227,20,7700,3]
[17325,20,6900,4]
[23327,20,6900,2]
[29364,20,6800,4]
[38879,20,6600,2]
[24736,20,7600,2]
[29929,20,6700,2]
[37994,20,7100,2]
[22150,20,7200,2]
[22399,20,7300,2]
[38184,20,6600,2]
[39796,20,7500,2]
[30360,20,7000,2]
[14361,20,7000,4]
[17779,20,7300,2]
[38723,20,6400,4]
[32675,20,6800,2]
[2252,20,6200,2]
[22954,20,7200,2]
[19093,20,7000,5]
[31213,20,7000,4]
[19601,20,6500,2]
[18750,20,7700,2]
[33218,20,7100,2]
[142,20,7100,2]
[10608,20,7400,3]
[23664,20,6100,2]
[24705,20,6400,2]
[481,20,7600,2]
[34,20,7200,2]
[14376,20,6200,4]
[18554,20,7700,2]
[19566,20,6300,2]
[8533,20,6300,2]
[29087,20,6900,2]
[11706,20,7300,4]
[23800,20,6700,2]
[2243,20,7500,2]
[5629,20,7500,2]
[17442,20,6500,2]
[24533,20,7000,2]
[8142,20,7200,2]
[18190,20,7300,3]
[29385,20,7000,2]
[28832,20,7500,2]
[30128,20,7400,2]
[13111,20,7100,7]
[2299,20,5900,4]
[16758,20,7300,2]
[20312,20,6100,2]
[16909,20,7100,4]
[23131,20,7800,2]
[17579,20,7100,2]
[36052,20,7600,2]
[10476,20,8100,2]
[33606,20,6900,2]
[29117,20,7200,2]
[30231,20,6900,5]
[28614,20,7200,2]
[7429,20,8300,2]
[33859,20,7600,2]
[34010,20,7400,2]
[11851,20,6600,2]
[17927,20,5700,2]
[24465,20,6700,2]
[34612,20,6200,2]
[14918,20,6700,2]
[25068,20,6800,2]
[32389,20,6800,2]
[29813,20,5900,4]
[36402,20,7000,2]
[3534,20,6900,3]
[29229,20,5900,2]
[9332,20,6600,2]
[2291,20,7500,2]
[12567,20,6600,2]
[10674,20,6800,2]
[31155,20,7200,3]
[9022,20,6900,2]
[11971,20,7900,5]
[4623,20,7300,2]
[33258,20,7600,2]
[5965,20,7500,2]
[10804,20,6700,2]
[23000,20,7900,5]
[21256,20,7800,2]
[35964,20,7200,2]
[37336,20,6200,2]
[23829,20,6200,2]
[25863,20,7700,2]
[16455,20,5900,2]
[13693,20,7500,2]
[8014,20,7500,2]
[243,20,6800,2]
[10828,20,7100,4]
[3664,20,7300,2]
[9,20,7600,2]
[19201,20,6600,2]
[22355,20,6700,2]
[6063,20,6500,2]
[16888,20,6500,2]
[25313,20,7700,2]
[24704,20,7700,2]
[20563,20,7800,2]
[37946,20,7100,2]
[36712,20,7400,4]
[36941,20,7700,2]
[6269,20,6700,2]
[25320,20,6600,2]
[18985,20,6700,2]
[15630,20,6000,2]
[12485,20,7100,2]
[35215,20,6200,2]
[2709,20,6900,3]
[8916,20,7500,2]
[2964,20,7000,4]
[698,20,6900,2]
[34753,20,7300,2]
[12097,20,7500,3]
[9975,20,7200,2]
[34783,20,7200,3]
[34209,20,7000,2]
[27800,20,7100,2]
[31502,20,7200,2]
[10012,20,7000,2]
[8191,20,6600,2]
[13484,20,7800,4]
[39667,20,7500,4]
[20695,20,7000,2]
[8753,20,6000,2]
[24235,20,7100,4]
[28829,20,8100,2]
[16927,20,7300,2]
[11256,20,6900,2]
[16169,20,7600,2]
[2796,20,7700,2]
[14687,20,6900,2]
[32793,20,6600,2]
[1573,20,6700,2]
[22832,20,7900,2]
[245,20,7400,2]
[10072,20,6900,4]
[3454,20,7100,3]
[8895,20,6200,2]
[20502,20,6500,2]
[1952,20,7600,2]
[32916,20,6900,2]
[19087,20,6900,2]
[11029,20,6300,3]
[30202,20,7400,2]
[35604,20,6000,2]
[11734,20,6700,2]
[5674,20,8200,2]
[24953,20,7100,2]
[28262,20,7000,4]
[28199,20,7200,2]
[23474,20,6700,2]
[2443,20,7200,2]
[9265,20,6300,2]
[8729,20,6800,2]
[20278,20,8100,4]
[14747,20,6700,4]
[26458,20,7500,2]
[34846,20,6800,2]
[28222,20,7300,2]
[12192,20,6600,2]
[13387,20,7000,2]
[10973,20,6900,2]
[29894,20,6700,4]
[26026,20,7300,2]
[14950,20,7000,2]
[16874,20,7000,4]
[25012,20,7300,2]
[18124,20,7100,2]
[27736,20,7100,2]
[15722,20,6700,2]
[23418,20,7200,3]
[22083,20,6800,2]
[10861,20,6600,4]
[39577,20,6400,2]
[6208,20,6800,4]
[19090,20,7000,2]
[22681,20,7200,2]
[14887,20,6900,2]
[33501,20,7000,2]
[2609,20,6700,2]
[15595,20,7100,2]
[35467,20,6800,2]
[2770,20,6900,2]
[20136,20,6800,4]
[14969,20,6700,2]
[26738,20,7200,2]
[22650,20,7200,2]
[1868,20,6600,4]
[18608,20,8100,2]
[23977,20,6800,2]
[27373,20,7700,4]
[9107,20,6900,2]
[228,20,7600,2]
[39769,20,7200,2]
[29595,20,7300,2]
[30532,20,6400,2]
[5876,20,6100,2]
[33446,20,6600,3]
[32890,20,6600,2]
[4157,20,7100,2]
[9062,20,6800,2]
[5158,20,6600,2]
[12540,20,7400,4]
[29026,20,6400,2]
[18340,20,7200,2]
[31119,20,7000,2]
[33027,20,6500,3]
[5715,20,6300,2]
[25201,20,7200,3]
[23978,20,6800,2]
[31252,20,7000,3]
[7054,20,6500,2]
[9541,20,7300,2]
[21090,20,7900,3]
[1876,20,6300,2]
[19762,20,6200,2]
[24066,20,7000,2]
[65,20,7600,2]
[16950,20,7000,2]
[14924,20,7500,2]
[1547,20,7400,6]
[36582,20,7300,2]
[19870,20,7000,2]
[25124,20,6900,2]
[18297,20,7500,7]
[13636,20,7200,4]
[30858,20,6600,2]
[2363,20,7100,2]
[19129,20,7300,2]
[25641,20,7600,2]
[37805,20,6800,2]
[12384,20,7300,2]
[33141,20,6900,2]
[9236,20,8000,3]
[27398,20,7200,2]
[8815,20,6400,2]
[19668,20,6700,2]
[2828,20,7800,2]
[31064,20,6700,2]
[3087,20,7200,2]
[14760,20,6900,4]
[29837,20,7500,3]
[26841,20,6800,2]
[19059,20,7100,2]
[5748,20,6800,2]
[26910,20,7100,2]
[33271,20,6900,4]
[16355,20,6400,3]
[23164,20,7300,2]
[27168,20,8400,2]
[3389,20,6800,2]
[35247,20,6100,2]
[20431,20,6800,2]
[5117,20,7300,2]
[31339,20,7200,2]
[19733,20,6900,2]
[33869,20,7000,2]
[32304,20,6700,2]
[4848,20,6900,2]
[2531,20,6600,2]
[16005,20,7500,3]
[30375,20,7600,2]
[16084,20,6100,4]
[38404,20,7300,2]
[36728,20,7600,2]
[22777,20,7100,4]
[29000,20,6900,4]
[3941,20,7400,2]
[35366,20,7100,4]
[5531,20,7700,2]
[6434,20,7600,2]
[32506,20,7000,2]
[20194,20,7100,4]
[27214,20,7100,2]
[11930,20,7000,6]
[5566,20,6400,2]
[26182,20,7000,2]
[35763,20,6900,2]
[23090,20,7300,3]
[23454,20,7200,2]
[26848,20,6800,2]
[20317,20,8000,3]
[28699,20,6000,2]
[18901,20,7400,2]
[6562,20,7400,2]
[6230,20,7400,2]
[17197,20,6900,2]
[4043,20,6300,4]
[16408,20,6500,2]
[7641,20,6800,2]
[9918,20,6800,2]
[12326,20,7100,2]
[1068,20,7000,2]
[22385,20,7300,2]
[27643,20,6900,2]
[34824,20,6500,5]
[17416,20,6600,2]
[23964,20,6800,2]
[20783,20,7500,2]
[7147,20,7200,2]
[17022,20,7100,2]
[27600,20,6800,2]
[21529,20,6800,2]
[4758,20,7100,3]
[35000,20,6500,3]
[17821,20,7300,2]
[1609,20,6400,2]
[19037,20,6900,4]
[34451,20,7900,2]
[18527,20,6900,2]
[5137,20,7000,2]
[8831,20,7200,2]
[25937,20,7300,3]
[14182,20,6800,2]
[27822,20,6800,2]
[24687,20,6700,2]
[33781,20,7700,2]
[21366,20,6900,2]
[2564,20,7700,2]
[7956,20,8000,3]
[28517,20,6700,2]
[7694,20,6700,2]
[82,20,7200,2]
[18848,20,7000,2]
[15024,20,5900,2]
[16388,20,6800,3]
[16937,20,7400,2]
[19807,20,7300,4]
[12027,20,6900,4]
[29873,20,7200,2]
[33553,20,8200,2]
[35749,20,6800,2]
[14097,20,7000,2]
[16079,20,8000,4]
[20026,20,7400,2]
[3499,20,6600,2]
[24950,20,7900,2]
[29027,20,7300,2]
[6449,20,7200,2]
[20874,20,7600,2]
[27028,20,6600,2]
[4249,20,6200,2]
[2058,20,6700,2]
