[26409,20,6800,2]
[7894,20,6900,2]
[1567,20,7400,4]
[7904,20,8100,3]
[21008,20,7200,2]
[12063,20,7100,2]
[7118,20,6600,2]
[5084,20,7600,2]
[37221,20,6400,2]
[26810,20,7700,2]
[28552,20,6400,2]
[11097,20,6900,2]
[23962,20,7500,2]
[38723,20,6400,3]
[31272,20,7200,2]
[20272,20,7600,2]
[30096,20,7800,3]
[30214,20,6300,3]
[4528,20,7300,2]
[14470,20,7200,2]
[29937,20,7400,2]
[21948,20,7100,6]
[38741,20,6200,5]
[28663,20,6200,2]
[8530,20,7100,2]
[37289,20,7600,2]
[19436,20,6800,2]
[6444,20,7300,2]
[10996,20,6500,2]
[20617,20,6800,4]
[19916,20,6900,2]
[18720,20,7600,3]
[35269,20,6800,2]
[39912,20,6800,2]
[3485,20,7800,2]
[16844,20,7000,2]
[33930,20,7600,2]
[7716,20,6900,2]
[10159,20,7600,2]
[25465,20,6400,3]
[10291,20,6500,2]
[36474,20,7000,2]
[4994,20,6700,2]
[39908,20,7500,2]
[36471,20,7500,2]
[36434,20,6700,2]
[7883,20,7900,2]
[26946,20,7100,2]
[26350,20,7400,4]
[3111,20,6500,2]
[13148,20,7300,2]
[2737,20,7200,2]
[10072,20,6900,3]
[26892,20,6700,2]
[8790,20,6400,2]
[37827,20,6200,2]
[6455,20,6800,2]
[3035,20,6300,2]
[36180,20,7600,2]
[5720,20,6600,2]
[28778,20,7600,2]
[39312,20,7800,2]
[38751,20,6800,2]
[7044,20,6900,2]
[33725,20,7500,2]
[30467,20,7500,2]
[26952,20,7200,2]
[34824,20,6500,4]
[36688,20,7300,2]
[2011,20,7400,3]
[3159,20,6700,2]
[17618,20,6600,3]
[6224,20,6900,2]
[8998,20,6300,3]
[9021,20,7900,2]
[7609,20,7000,3]
[26723,20,7000,2]
[13736,20,6800,3]
[21955,20,8000,2]
[27739,20,6800,2]
[37178,20,6400,2]
[14399,20,6600,2]
[27456,20,6900,4]
[18437,20,7400,2]
[36856,20,7300,3]
[12452,20,7600,2]
[15265,20,6700,2]
[1746,20,7300,2]
[3125,20,6400,2]
[15476,20,6800,3]
[30859,20,6500,2]
[4618,20,8000,2]
[11749,20,7700,2]
[39735,20,7000,2]
[9498,20,8000,2]
[160,20,7900,2]
[17258,20,7300,2]
[38347,20,7000,2]
[21721,20,6600,2]
[10349,20,5900,4]
[24235,20,7100,3]
[32807,20,6800,2]
[20199,20,6600,2]
[34333,20,5500,2]
[25133,20,7300,2]
[27102,20,6500,2]
[2742,20,6900,3]
[13365,20,7600,3]
[37944,20,7100,2]
[817,20,6700,3]
[21414,20,7500,2]
[15808,20,6400,3]
[14655,20,6200,3]
[8773,20,6800,2]
[5580,20,6200,3]
[25451,20,6500,2]
[8768,20,6700,3]
[25322,20,6800,2]
[438,20,7400,2]
[31247,20,7400,2]
[31880,20,6900,2]
[9892,20,7200,2]
[38957,20,7100,3]
[27919,20,8200,2]
[2352,20,7000,2]
[28465,20,7700,2]
[21243,20,6600,2]
[2075,20,7000,2]
[16860,20,6400,2]
[14959,20,6600,2]
[29272,20,7400,2]
[12814,20,7500,3]
[11780,20,7100,2]
[12166,20,6500,2]
[11228,20,7600,2]
[15405,20,8000,2]
[11191,20,7100,2]
[30684,20,6800,2]
[17013,20,7000,2]
[26162,20,7200,2]
[23659,20,7700,2]
[13241,20,6300,2]
[30330,20,6600,2]
[11463,20,7300,2]
[34650,20,7000,2]
[35716,20,6600,4]
[19313,20,6400,3]
[457,20,7000,2]
[6850,20,7000,2]
[17744,20,7800,2]
[19124,20,7600,4]
[17334,20,7200,2]
[25798,20,6600,2]
[11071,20,7400,2]
[26666,20,6000,2]
[6065,20,7100,2]
[34540,20,7500,2]
[11103,20,7700,5]
[1512,20,7700,4]
[30507,20,6700,2]
[8563,20,7000,2]
[16810,20,7100,2]
[37060,20,6900,4]
[35053,20,7600,2]
[37256,20,7700,2]
[2950,20,7200,4]
[31715,20,6600,2]
[25326,20,6400,2]
[13201,20,6700,2]
[28003,20,7100,4]
[1608,20,6400,2]
[7257,20,6900,2]
[28058,20,6300,2]
[31410,20,6600,2]
[25469,20,6800,3]
[9742,20,7300,2]
[35985,20,7700,4]
[2674,20,7200,4]
[1860,20,7800,2]
[9735,20,6300,3]
[4130,20,6400,2]
[31028,20,6700,2]
[6831,20,6900,2]
[21628,20,7500,2]
[658,20,6900,2]
[1624,20,7300,2]
[12854,20,7100,2]
[15276,20,7400,2]
[7105,20,7000,2]
[10149,20,6300,4]
[34961,20,7100,2]
[22575,20,6000,2]
[30270,20,7400,2]
[6684,20,6300,2]
[12616,20,6800,4]
[29225,20,6800,2]
[8173,20,6500,2]
[16502,20,7000,2]
[13673,20,7200,2]
[22114,20,6000,2]
[34354,20,6500,2]
[19240,20,7700,2]
[22834,20,6100,2]
[12043,20,7200,2]
[7744,20,7300,2]
[38524,20,7000,2]
[30669,20,6500,2]
[4604,20,7500,2]
[9121,20,7200,2]
[16178,20,7600,5]
[26468,20,7200,2]
[8220,20,7100,2]
[7208,20,7700,2]
[14093,20,5600,2]
[989,20,7100,2]
[6134,20,7100,2]
[13808,20,6200,2]
[94,20,7000,2]
[35355,20,7500,2]
[7221,20,6900,2]
[14549,20,7900,2]
[20849,20,7500,2]
[34854,20,7000,2]
[34722,20,7700,2]
[22222,20,6600,2]
[38913,20,6500,2]
[21420,20,7500,2]
[35577,20,7500,2]
[28276,20,7700,2]
[2182,20,7500,3]
[27039,20,6800,2]
[19554,20,7100,2]
[24410,20,8200,2]
[34993,20,6700,4]
[35288,20,7100,2]
[10478,20,7300,2]
[7265,20,6700,2]
[39923,20,7500,2]
[23004,20,8300,4]
[36874,20,7100,2]
[13687,20,7600,4]
[38152,20,6800,2]
[37158,20,6500,2]
[13130,20,6500,2]
[8151,20,6800,2]
[18595,20,6300,2]
[24316,20,7800,2]
[22562,20,7000,2]
[38579,20,7200,2]
[1884,20,6600,2]
[13741,20,5700,2]
[31077,20,6100,2]
[39284,20,7400,4]
[4047,20,6800,2]
[17769,20,6400,2]
[10106,20,7200,2]
[14980,20,7700,2]
[1843,20,6400,2]
[16335,20,6100,2]
[18829,20,7500,2]
[1706,20,7600,3]
[26630,20,6700,2]
[12720,20,7300,4]
[25341,20,6600,2]
[32054,20,7300,3]
[38056,20,7000,2]
[33336,20,6500,2]
[22039,20,6500,2]
[1735,20,6800,2]
[7946,20,7100,2]
[18944,20,6700,4]
[18500,20,7000,2]
[21275,20,6300,2]
[20432,20,6700,3]
[25226,20,7200,2]
[29202,20,6800,2]
[13950,20,7500,2]
[33701,20,7700,2]
[36145,20,7400,3]
[38478,20,6900,2]
[21229,20,7300,6]
[21795,20,7000,2]
[8457,20,6700,2]
[901,20,7200,2]
[26080,20,7200,2]
[25465,20,6400,4]
[35070,20,6900,2]
[13111,20,7100,6]
[905,20,7100,3]
[20711,20,6200,3]
[25052,20,6900,2]
[8998,20,6300,4]
[10109,20,6800,3]
[28588,20,7200,2]
[5131,20,6800,3]
[27932,20,7800,2]
[31982,20,7000,3]
[27296,20,7900,2]
[15001,20,6900,2]
[34110,20,6300,2]
[25518,20,7300,2]
[36780,20,6600,2]
[11198,20,7900,2]
[30472,20,7500,2]
[31312,20,5900,2]
[1285,20,8400,2]
[32020,20,7100,2]
[276,20,7800,2]
[32375,20,7100,2]
[14089,20,7200,4]
[14061,20,6500,2]
[2394,20,6600,3]
[35501,20,7200,2]
[10828,20,7100,3]
[35064,20,7200,3]
[22195,20,7400,2]
[1297,20,7200,2]
[5596,20,6600,2]
[10768,20,7600,3]
[3867,20,7800,2]
[949,20,6600,2]
[18034,20,7200,3]
[39859,20,6700,2]
[2028,20,7100,2]
[6529,20,7700,2]
[39403,20,6500,3]
[19021,20,7300,3]
[28957,20,6600,2]
[31364,20,7200,2]
[22335,20,7700,2]
[1731,20,6700,2]
[22701,20,6500,2]
[7366,20,7200,2]
[15695,20,6900,2]
[13904,20,6000,2]
[4530,20,6600,2]
[37268,20,7500,2]
[27373,20,7700,3]
[36605,20,8000,2]
[31671,20,6300,2]
[26650,20,6100,2]
[35294,20,6000,4]
[1764,20,8000,2]
[23347,20,7300,2]
[25533,20,7500,3]
[23346,20,7700,3]
[28373,20,7100,2]
[26818,20,6800,2]
[2638,20,7300,2]
[2461,20,7500,4]
[28942,20,6500,2]
[28403,20,6800,2]
[5819,20,7900,2]
[34975,20,7600,2]
[13602,20,7000,2]
[7812,20,6800,2]
[28519,20,6400,2]
[30563,20,5500,2]
[11059,20,7300,5]
[3255,20,7000,4]
[349,20,7100,2]
[32127,20,7200,2]
[9736,20,6800,2]
[10117,20,7200,2]
[26968,20,6600,2]
[19879,20,6400,2]
[7374,20,7200,2]
[10369,20,7800,2]
[17628,20,7000,2]
[29428,20,7300,2]
[151,20,6800,3]
[8117,20,7500,2]
[26571,20,6300,2]
[37454,20,7000,2]
[2537,20,7000,2]
[23591,20,6700,2]
[28710,20,7200,2]
[8587,20,7500,2]
[31839,20,6000,2]
[38975,20,6600,2]
[5131,20,6800,4]
[8046,20,7700,2]
[5240,20,6500,2]
[15085,20,7200,2]
[13187,20,7400,2]
[24483,20,7200,2]
[6734,20,7300,2]
[32400,20,6200,4]
[19831,20,7300,2]
[23588,20,7700,2]
[31004,20,6600,2]
[14119,20,7200,2]
[8297,20,7800,3]
[11986,20,7200,2]
[20092,20,7000,2]
[33838,20,7000,4]
[2490,20,6800,2]
[5795,20,6000,3]
[7120,20,7000,4]
[35482,20,7400,4]
[34498,20,6700,2]
[30201,20,6600,2]
[21696,20,6900,2]
[4876,20,7600,2]
[25136,20,6100,2]
[12987,20,6800,3]
[3699,20,7400,2]
[15959,20,6200,3]
[19326,20,6400,2]
[13183,20,6200,2]
[31924,20,6900,3]
[15572,20,7000,2]
[32561,20,6600,4]
[10446,20,6700,2]
[27785,20,6900,2]
[725,20,7700,4]
[3436,20,7500,2]
[8335,20,7200,2]
[23165,20,7000,2]
[986,20,6800,2]
[23444,20,7800,2]
[24490,20,6800,2]
[6484,20,6200,2]
[4333,20,6300,2]
[16511,20,6300,2]
[35110,20,7700,2]
[15435,20,7000,2]
[23191,20,7200,2]
[38830,20,7200,2]
[15211,20,6900,2]
[25291,20,7200,2]
[32423,20,6700,2]
[16890,20,7100,4]
[39466,20,6200,3]
[4819,20,7200,3]
[14416,20,6500,2]
[14376,20,6200,3]
[38325,20,7000,2]
[1203,20,6600,2]
[9691,20,7600,2]
[30231,20,6900,4]
[26627,20,6100,2]
[32810,20,7200,2]
[30703,20,6400,2]
[2853,20,7100,2]
[22312,20,7000,5]
[14302,20,7100,4]
[4622,20,5800,2]
[13195,20,6600,3]
[4681,20,6900,4]
[26115,20,6800,3]
[37239,20,7300,2]
[21576,20,6800,2]
[27188,20,7300,2]
[30947,20,6600,2]
[31473,20,6700,2]
[12449,20,7300,2]
[3845,20,6800,2]
[14747,20,6700,3]
[14733,20,6800,2]
[37172,20,6500,2]
[16112,20,6600,2]
[3550,20,7000,2]
[1027,20,7100,2]
[5738,20,6700,2]
[16619,20,7200,2]
[31112,20,7200,2]
[224,20,6500,4]
[17848,20,7400,2]
[33298,20,6900,2]
[26112,20,7100,2]
[25025,20,6900,4]
[8266,20,6900,2]
[3632,20,7600,3]
[30934,20,6600,2]
[508,20,6900,3]
[17160,20,6600,2]
[26703,20,7200,4]
[30068,20,7100,2]
[19563,20,7500,2]
[29992,20,7600,2]
[27419,20,7300,3]
[4077,20,6900,2]
[35701,20,7800,2]
[12986,20,7600,2]
[32102,20,6500,2]
[8944,20,6700,2]
[15643,20,6700,2]
[31751,20,7000,2]
[5707,20,7600,2]
[6770,20,7300,2]
[34525,20,6800,3]
[7184,20,7200,2]
[4652,20,7100,4]
[8791,20,6900,2]
[27885,20,7700,2]
[23652,20,6900,2]
[31029,20,6800,2]
[21427,20,7500,2]
[28402,20,6600,2]
