[14115,20,6200,0]
[15376,20,6600,0]
[17814,20,6500,0]
[27396,20,6800,0]
[36313,20,6900,0]
[8950,20,6100,0]
[25621,20,7500,0]
[9696,20,8000,0]
[30530,20,6200,0]
[37129,20,7900,0]
[19466,20,6500,0]
[15127,20,6900,0]
[5937,20,6600,0]
[29421,20,7100,0]
[16100,20,6200,0]
[27685,20,7500,0]
[11654,20,6700,0]
[25041,20,5900,0]
[36553,20,6500,0]
[16484,20,6800,0]
[12630,20,7400,0]
[18053,20,7700,0]
[46,20,6000,0]
[16348,20,7100,0]
[6841,20,6000,0]
[4867,20,6900,0]
[2220,20,7400,0]
[31021,20,7700,0]
[32348,20,6700,0]
[20867,20,6900,0]
[25286,20,6400,0]
[36567,20,7000,0]
[17125,20,6700,0]
[18347,20,7000,0]
[34004,20,7300,0]
[22201,20,8100,0]
[5416,20,6200,0]
[3545,20,6800,0]
[26572,20,6400,0]
[19861,20,7600,0]
[32160,20,7400,0]
[13445,20,7200,0]
[38966,20,6500,0]
[24970,20,7900,0]
[30501,20,6300,0]
[31976,20,7400,0]
[34904,20,7900,0]
[4773,20,6600,0]
[34848,20,7700,0]
[26430,20,6800,0]
[27488,20,7100,0]
[4535,20,6900,0]
[17164,20,6300,0]
[37320,20,7400,0]
[8321,20,6000,0]
[22814,20,7000,0]
[7082,20,6800,0]
[29007,20,7700,0]
[37849,20,7600,0]
[34376,20,7000,0]
[25424,20,6600,0]
[18376,20,7600,0]
[38070,20,7100,0]
[20770,20,7500,0]
[7195,20,7100,0]
[23459,20,6900,0]
[33496,20,7300,0]
[6346,20,6600,0]
[26264,20,6600,0]
[26814,20,7300,0]
[14220,20,7200,0]
[8967,20,7300,0]
[11384,20,7000,0]
[13839,20,7000,0]
[6834,20,7500,0]
[26277,20,7000,0]
[3648,20,7800,0]
[5934,20,6600,0]
[11900,20,6900,0]
[9791,20,7300,0]
[38437,20,7100,0]
[17041,20,6200,0]
[22037,20,6500,0]
[5116,20,7800,0]
[30005,20,7100,0]
[22184,20,7300,0]
[8558,20,6100,0]
[28764,20,5800,0]
[10007,20,7300,0]
[27096,20,6900,0]
[25708,20,6900,0]
[7281,20,7000,0]
[23425,20,7000,0]
[3812,20,7100,0]
[6100,20,6700,0]
[12753,20,6200,0]
[14909,20,7300,0]
[2810,20,6400,0]
[22721,20,6500,0]
[25076,20,7600,0]
[26109,20,6900,0]
[31180,20,6800,0]
[22668,20,7200,0]
[7841,20,6700,0]
[11347,20,7000,0]
[10005,20,6800,0]
[7414,20,7000,0]
[10887,20,6500,0]
[2157,20,7500,0]
[36587,20,7800,0]
[13348,20,5900,0]
[23268,20,6800,0]
[7120,20,7000,0]
[7438,20,7600,0]
[15387,20,6300,0]
[9111,20,7700,0]
[24742,20,6300,0]
[9447,20,6700,0]
[22917,20,6800,0]
[31213,20,7000,0]
[17847,20,6800,0]
[38168,20,6600,0]
[10307,20,6100,0]
[17059,20,7000,0]
[32188,20,7300,0]
[38220,20,7100,0]
[30309,20,7100,0]
[3432,20,6200,0]
[19069,20,7700,0]
[33806,20,7400,0]
[18974,20,6300,0]
[8459,20,6400,0]
[18681,20,7400,0]
[4534,20,6800,0]
[33076,20,7500,0]
[17493,20,7400,0]
[30743,20,7400,0]
[12270,20,7200,0]
[18900,20,7100,0]
[1826,20,7700,0]
[28003,20,7100,0]
[13687,20,7600,0]
[7959,20,6400,0]
[24043,20,6300,0]
[22374,20,5900,0]
[39657,20,6700,0]
[7999,20,7200,0]
[3372,20,6700,0]
[33279,20,7200,0]
[18551,20,6500,0]
[32587,20,6300,0]
[36220,20,7200,0]
[20188,20,6800,0]
[33300,20,7400,0]
[25853,20,6400,0]
[6893,20,7000,0]
[37566,20,6700,0]
[21157,20,8300,0]
[21880,20,7700,0]
[4107,20,7200,0]
[6054,20,6600,0]
[4869,20,7200,0]
[13111,20,7100,0]
[29820,20,6800,0]
[38401,20,6300,0]
[2051,20,6600,0]
[24002,20,7000,0]
[4372,20,7300,0]
[24824,20,6900,0]
[951,20,7100,0]
[10746,20,7600,0]
[24306,20,6500,0]
[29238,20,7800,0]
[25761,20,6100,0]
[22883,20,6700,0]
[19063,20,7700,0]
[9345,20,7100,0]
[163,20,6600,0]
[8247,20,6100,0]
[7569,20,6900,0]
[3472,20,6600,0]
[11867,20,6700,0]
[39896,20,7500,0]
[18322,20,7300,0]
[21032,20,7000,0]
[13174,20,7200,0]
[22370,20,6800,0]
[27515,20,6900,0]
[16500,20,6700,0]
[1927,20,7700,0]
[16946,20,7100,0]
[27619,20,7300,0]
[7135,20,5900,0]
[1851,20,7000,0]
[517,20,7400,0]
[25074,20,6900,0]
[25875,20,6800,0]
[11218,20,8000,0]
[35825,20,6900,0]
[16985,20,7600,0]
[18581,20,6200,0]
[29418,20,6600,0]
[28963,20,6800,0]
[3621,20,7300,0]
[24,20,7500,0]
[25534,20,6700,0]
[32527,20,6400,0]
[31262,20,7100,0]
[26873,20,7800,0]
[2678,20,5800,0]
[444,20,6700,0]
[27236,20,6800,0]
[26180,20,8100,0]
[3636,20,6900,0]
[28105,20,7100,0]
[30582,20,7200,0]
[17763,20,6100,0]
[32944,20,6900,0]
[19019,20,7000,0]
[8990,20,7700,0]
[5514,20,7300,0]
[16839,20,7200,0]
[10672,20,7300,0]
[11908,20,7000,0]
[23504,20,6400,0]
[1448,20,6100,0]
[12453,20,7400,0]
[36650,20,7700,0]
[16325,20,6500,0]
[20818,20,6900,0]
[27950,20,6400,0]
[11755,20,7300,0]
[33808,20,7500,0]
[11508,20,6800,0]
[11596,20,7600,0]
[19986,20,7500,0]
[7459,20,6600,0]
[13902,20,7300,0]
[27056,20,6800,0]
[33188,20,7600,0]
[22745,20,8000,0]
[20819,20,7400,0]
[5648,20,8000,0]
[35285,20,6600,0]
[29885,20,7200,0]
[33697,20,7300,0]
[26331,20,7800,0]
[30667,20,7800,0]
[13203,20,6500,0]
[21573,20,5900,0]
[30281,20,7300,0]
[15752,20,6400,0]
[25604,20,7100,0]
[10535,20,6300,0]
[3984,20,6400,0]
[35576,20,7400,0]
[31610,20,7100,0]
[33981,20,6700,0]
[15224,20,7000,0]
[37417,20,6800,0]
[26083,20,6400,0]
[30736,20,6600,0]
[29405,20,6500,0]
[10538,20,7200,0]
[6925,20,6600,0]
[12720,20,7300,0]
[12678,20,7100,0]
[33420,20,6400,0]
[7500,20,6700,0]
[9222,20,7900,0]
[13405,20,7600,0]
[21707,20,7400,0]
[23763,20,7900,0]
[10295,20,7400,0]
[28458,20,6500,0]
[3089,20,7600,0]
[14843,20,7000,0]
[32460,20,6800,0]
[37308,20,6300,0]
[13469,20,7400,0]
[15180,20,7300,0]
[3856,20,6600,0]
[7453,20,7000,0]
[7527,20,8000,0]
[34066,20,6400,0]
[11212,20,7000,0]
[11725,20,7800,0]
[22502,20,7300,0]
[5868,20,7500,0]
[11791,20,7400,0]
[4945,20,8100,0]
[22624,20,6300,0]
[34118,20,7100,0]
[16744,20,7600,0]
[24797,20,6900,0]
[18488,20,7900,0]
[36745,20,7100,0]
[27282,20,6500,0]
[29329,20,7900,0]
[14329,20,7800,0]
[213,20,6100,0]
[7213,20,7400,0]
[11685,20,6100,0]
[12740,20,8300,0]
[13946,20,7200,0]
[24789,20,7000,0]
[15624,20,6900,0]
[8087,20,6400,0]
[10669,20,6600,0]
[21127,20,8000,0]
[8761,20,7300,0]
[26429,20,6700,0]
[6624,20,6200,0]
[25969,20,7300,0]
[29604,20,7500,0]
[5254,20,7900,0]
[26508,20,7100,0]
[24167,20,7300,0]
[19585,20,7500,0]
[3358,20,6500,0]
[7649,20,7000,0]
[4104,20,6900,0]
[18563,20,7500,0]
[14292,20,7900,0]
[24939,20,6700,0]
[11791,20,7400,0]
[25698,20,6700,0]
[22061,20,6800,0]
[6918,20,7000,0]
[10989,20,6600,0]
[19327,20,7300,0]
[20568,20,6600,0]
[14965,20,7100,0]
[31812,20,7600,0]
[34192,20,6600,0]
[24484,20,6700,0]
[7278,20,6900,0]
[28511,20,7200,0]
[13487,20,6400,0]
[26898,20,6600,0]
[17708,20,8100,0]
[4427,20,6400,0]
[10498,20,7400,0]
[3449,20,7200,0]
[9186,20,6200,0]
[11609,20,6500,0]
[20115,20,7100,0]
[5260,20,7400,0]
[18317,20,7400,0]
[33641,20,6800,0]
[466,20,7000,0]
[16517,20,7500,0]
[32623,20,6400,0]
[9769,20,7500,0]
[33663,20,6900,0]
[37061,20,6400,0]
[2264,20,7300,0]
[4659,20,6700,0]
[10578,20,6800,0]
[7432,20,6600,0]
[3736,20,6600,0]
[20004,20,6800,0]
[16498,20,6800,0]
[2351,20,7200,0]
[16329,20,7300,0]
[12882,20,7300,0]
[18501,20,6200,0]
[22951,20,6700,0]
[13139,20,6800,0]
[17251,20,7600,0]
[15030,20,6900,0]
[8981,20,6000,0]
[255,20,6400,0]
[13350,20,6400,0]
[224,20,6500,0]
[23030,20,7100,0]
[21043,20,6300,0]
[1627,20,6900,0]
[32578,20,7000,0]
[19955,20,6100,0]
[20901,20,7400,0]
[31078,20,7000,0]
[31567,20,7600,0]
[19259,20,6700,0]
[36779,20,6700,0]
[35482,20,7400,0]
[22494,20,6600,0]
[7590,20,7300,0]
[16975,20,7300,0]
[1212,20,7500,0]
[11886,20,6800,0]
[34748,20,7000,0]
[34993,20,6700,0]
[9517,20,7400,0]
[36515,20,7500,0]
[10010,20,6800,0]
[15651,20,6900,0]
[35381,20,7100,0]
[13845,20,6500,0]
[18472,20,7100,0]
[27651,20,6400,0]
[8327,20,6800,0]
[23946,20,6700,0]
[32024,20,7400,0]
[9311,20,6700,0]
[29894,20,6700,0]
[23770,20,6800,0]
[39330,20,7500,0]
[10861,20,6600,0]
[5174,20,6900,0]
[3202,20,6700,0]
[13868,20,7600,0]
[13265,20,7700,0]
[1604,20,6500,0]
[11000,20,7100,0]
[20591,20,6800,0]
[29489,20,7600,0]
[31940,20,6700,0]
[36806,20,7100,0]
[27883,20,6700,0]
[23058,20,6900,0]
[12745,20,7300,0]
[4549,20,7500,0]
[29421,20,7100,0]
[18509,20,7100,0]
[6442,20,6700,0]
[2542,20,7200,0]
[25558,20,6100,0]
[37219,20,7400,0]
[992,20,6900,0]
[15345,20,7300,0]
[39487,20,7800,0]
[30991,20,6500,0]
[35156,20,7000,0]
[1404,20,6500,0]
[26311,20,7300,0]
[38384,20,7000,0]
[4168,20,7800,0]
[709,20,7900,0]
[17838,20,7000,0]
[23686,20,6800,0]
[1284,20,6300,0]
[26134,20,7300,0]
[30556,20,6900,0]
[8302,20,6500,0]
[3871,20,6600,0]
[37225,20,7400,0]
[22821,20,6000,0]
[19556,20,7100,0]
[20172,20,6400,0]
[16692,20,7500,0]
[27261,20,7400,0]
[30457,20,7200,0]
[21741,20,7900,0]
[2550,20,6400,0]
[14361,20,7000,0]
[16526,20,7000,0]
[29174,20,6900,0]
[30034,20,7000,0]
[3770,20,6700,0]
[32171,20,7600,0]
[3797,20,6900,0]
[26192,20,7200,0]
[2499,20,6700,0]
[3956,20,7700,0]
[39152,20,7300,0]
[33399,20,6500,0]
[11743,20,6600,0]
[18247,20,6100,0]
[14415,20,7400,0]
[1010,20,6300,0]
[1513,20,7300,0]
[30882,20,7600,0]
[11877,20,7600,0]
[18363,20,7400,0]
[32267,20,6400,0]
[20036,20,6900,0]
[6652,20,6200,0]
[32561,20,6600,0]
[5379,20,5500,0]
[16599,20,6500,0]
[4828,20,7100,0]
[4780,20,7300,0]
[1208,20,6400,0]
[14683,20,6400,0]
[5824,20,6800,0]
[16496,20,6500,0]
[10105,20,7100,0]
[6530,20,6000,0]
[11237,20,8000,0]
[20575,20,7100,0]
[12540,20,7400,0]
[12219,20,7200,0]
[21060,20,7600,0]
[14987,20,7800,0]
[39654,20,7100,0]
[29233,20,6900,0]
[22296,20,6500,0]
[21835,20,7700,0]
[35366,20,7100,0]
