[4308,20,6100,0]
[12965,20,6400,0]
[7601,20,7300,0]
[30677,20,6700,0]
[25405,20,7000,0]
[6383,20,7300,0]
[10789,20,6900,0]
[4350,20,6500,0]
[18553,20,8200,0]
[1169,20,7700,0]
[38822,20,6900,0]
[3071,20,7200,0]
[6271,20,7200,0]
[2818,20,6400,0]
[17051,20,6700,0]
[2456,20,6900,0]
[6208,20,6800,0]
[13773,20,7100,0]
[20551,20,7200,0]
[39776,20,6200,0]
[15736,20,7100,0]
[24984,20,6800,0]
[12319,20,6900,0]
[7956,20,8000,0]
[39289,20,7200,0]
[15168,20,6800,0]
[4868,20,6400,0]
[3025,20,6700,0]
[28555,20,7000,0]
[35250,20,7100,0]
[20248,20,7600,0]
[21492,20,6600,0]
[37548,20,6600,0]
[5363,20,6900,0]
[38620,20,7200,0]
[4238,20,6900,0]
[29885,20,7200,0]
[20669,20,7600,0]
[4758,20,7100,0]
[24467,20,6700,0]
[4396,20,7000,0]
[22342,20,6300,0]
[8198,20,7300,0]
[32255,20,7500,0]
[8697,20,6400,0]
[19748,20,7000,0]
[32232,20,6900,0]
[4212,20,7200,0]
[10447,20,5900,0]
[3572,20,6800,0]
[16480,20,6600,0]
[14340,20,7800,0]
[6893,20,7000,0]
[29205,20,7000,0]
[11226,20,7200,0]
[27991,20,6800,0]
[38423,20,6900,0]
[23568,20,6500,0]
[5228,20,6300,0]
[148,20,6200,0]
[29381,20,7400,0]
[9661,20,6000,0]
[24198,20,7000,0]
[7793,20,6700,0]
[38018,20,6200,0]
[9066,20,6000,0]
[30296,20,6200,0]
[3762,20,7400,0]
[21090,20,7900,0]
[13762,20,6700,0]
[27906,20,6900,0]
[1108,20,6900,0]
[25194,20,7800,0]
[8532,20,7200,0]
[8650,20,7700,0]
[13057,20,7200,0]
[7516,20,7000,0]
[3675,20,6000,0]
[35901,20,7000,0]
[23970,20,7400,0]
[26619,20,6800,0]
[7083,20,8200,0]
[14906,20,6900,0]
[6388,20,7200,0]
[13402,20,6900,0]
[27276,20,6500,0]
[10233,20,6400,0]
[38688,20,7600,0]
[17675,20,6400,0]
[18134,20,7100,0]
[12814,20,7500,0]
[4548,20,7300,0]
[17326,20,7200,0]
[25750,20,6700,0]
[1284,20,6300,0]
[7756,20,7400,0]
[13546,20,6300,0]
[4109,20,7300,0]
[26811,20,7100,0]
[32103,20,6600,0]
[12916,20,7300,0]
[35578,20,6600,0]
[38033,20,6700,0]
[15284,20,7400,0]
[12284,20,7600,0]
[11756,20,7300,0]
[36545,20,7500,0]
[12436,20,6800,0]
[4174,20,7300,0]
[9056,20,6600,0]
[10108,20,6600,0]
[27071,20,6200,0]
[28735,20,7800,0]
[6781,20,6700,0]
[38633,20,7800,0]
[30075,20,6800,0]
[32230,20,6900,0]
[34444,20,8000,0]
[30008,20,7000,0]
[17252,20,6300,0]
[11720,20,6700,0]
[8344,20,7200,0]
[15954,20,8000,0]
[1997,20,7800,0]
[23168,20,5900,0]
[28158,20,7500,0]
[33168,20,6900,0]
[31848,20,6600,0]
[13639,20,6000,0]
[38002,20,7400,0]
[36061,20,6800,0]
[38239,20,6900,0]
[22206,20,6800,0]
[10623,20,7100,0]
[24680,20,6600,0]
[25141,20,6700,0]
[31556,20,6400,0]
[8669,20,6700,0]
[27227,20,6900,0]
[29798,20,7200,0]
[38354,20,7200,0]
[38166,20,6600,0]
[16749,20,6200,0]
[10513,20,7400,0]
[4722,20,6600,0]
[28188,20,7000,0]
[32979,20,7800,0]
[22250,20,7500,0]
[26043,20,6600,0]
[31568,20,6900,0]
[14818,20,6800,0]
[15047,20,6900,0]
[30397,20,6900,0]
[22351,20,7500,0]
[3373,20,6900,0]
[19192,20,8000,0]
[32288,20,6900,0]
[26225,20,6200,0]
[39498,20,6900,0]
[26822,20,7600,0]
[12632,20,7500,0]
[13343,20,6800,0]
[17219,20,6500,0]
[39768,20,7000,0]
[7082,20,6800,0]
[32735,20,7100,0]
[36123,20,6200,0]
[8144,20,7600,0]
[2716,20,7900,0]
[36544,20,6800,0]
[17888,20,7100,0]
[33178,20,7300,0]
[34989,20,7000,0]
[8805,20,6900,0]
[4658,20,6300,0]
[13224,20,6700,0]
[5592,20,7400,0]
[29343,20,5700,0]
[23032,20,7200,0]
[38636,20,6100,0]
[26631,20,7700,0]
[24415,20,8100,0]
[12549,20,6400,0]
[14504,20,7400,0]
[28218,20,6600,0]
[28115,20,6200,0]
[4634,20,7100,0]
[38408,20,6900,0]
[3448,20,6500,0]
[560,20,7700,0]
[29390,20,6800,0]
[10370,20,7300,0]
[2063,20,7600,0]
[37706,20,7600,0]
[1223,20,8000,0]
[28869,20,6300,0]
[17968,20,7400,0]
[14831,20,5800,0]
[7230,20,6400,0]
[28308,20,6400,0]
[34703,20,7200,0]
[14385,20,7700,0]
[32428,20,7500,0]
[18657,20,6000,0]
[7619,20,6500,0]
[5251,20,7000,0]
[31276,20,7700,0]
[13578,20,6700,0]
[8988,20,7000,0]
[31970,20,7900,0]
[8965,20,6700,0]
[2805,20,7000,0]
[33034,20,7100,0]
[17720,20,7000,0]
[24262,20,7000,0]
[2182,20,7500,0]
[4616,20,7400,0]
[6208,20,6800,0]
[38470,20,7300,0]
[5050,20,7300,0]
[33458,20,6300,0]
[25264,20,7400,0]
[14986,20,6600,0]
[2285,20,6900,0]
[3641,20,7000,0]
[20043,20,7000,0]
[10226,20,6600,0]
[17826,20,6900,0]
[17750,20,6800,0]
[151,20,6800,0]
[10860,20,7500,0]
[36917,20,7400,0]
[16344,20,6600,0]
[34780,20,6900,0]
[17182,20,6700,0]
[3906,20,7100,0]
[4141,20,8000,0]
[5712,20,6400,0]
[24377,20,6600,0]
[16388,20,6800,0]
[4336,20,6700,0]
[30186,20,7200,0]
[21974,20,7000,0]
[20894,20,7000,0]
[35351,20,7000,0]
[25571,20,7600,0]
[30789,20,6800,0]
[21340,20,6800,0]
[12753,20,6200,0]
[11324,20,7700,0]
[5630,20,7500,0]
[8618,20,6700,0]
[33007,20,7300,0]
[38711,20,7800,0]
[25737,20,7500,0]
[38096,20,6800,0]
[33019,20,6800,0]
[18999,20,7100,0]
[26072,20,7800,0]
[25359,20,8500,0]
[39512,20,7100,0]
[21278,20,6600,0]
[19519,20,6300,0]
[244,20,7000,0]
[26213,20,7400,0]
[34562,20,7400,0]
[23485,20,7000,0]
[20187,20,6900,0]
[4977,20,7300,0]
[11544,20,7300,0]
[25517,20,7200,0]
[21812,20,6300,0]
[25027,20,7800,0]
[33431,20,6900,0]
[22277,20,6400,0]
[10453,20,7400,0]
[23279,20,7300,0]
[22282,20,7900,0]
[3503,20,7100,0]
[22020,20,6500,0]
[36528,20,5900,0]
[11303,20,6700,0]
[32799,20,6300,0]
[20357,20,6700,0]
[24997,20,5500,0]
[7203,20,7300,0]
[9301,20,7400,0]
[39836,20,7400,0]
[31309,20,7700,0]
[25007,20,6700,0]
[35600,20,6100,0]
[18675,20,6900,0]
[20728,20,6600,0]
[22194,20,6800,0]
[2,20,7100,0]
[20648,20,5900,0]
[3101,20,6900,0]
[30930,20,8000,0]
[5065,20,7300,0]
[8656,20,7400,0]
[29875,20,6700,0]
[29600,20,6500,0]
[1849,20,6900,0]
[460,20,6200,0]
[18237,20,8000,0]
[31258,20,7300,0]
[4036,20,6500,0]
[34583,20,7000,0]
[39131,20,6900,0]
[34972,20,7800,0]
[36718,20,7100,0]
[27240,20,6700,0]
[23698,20,6900,0]
[8653,20,6300,0]
[28369,20,6600,0]
[36568,20,6900,0]
[32028,20,7500,0]
[36168,20,7500,0]
[5254,20,7900,0]
[38993,20,6600,0]
[17615,20,6800,0]
[2852,20,6800,0]
[5168,20,7300,0]
[17952,20,6900,0]
[28637,20,7400,0]
[29979,20,6600,0]
[31444,20,8000,0]
[22738,20,7300,0]
[12099,20,6600,0]
[34709,20,7700,0]
[39342,20,6900,0]
[20708,20,7300,0]
[16023,20,6700,0]
[11481,20,6900,0]
[21078,20,7400,0]
[1164,20,7100,0]
[35446,20,6900,0]
[22617,20,6700,0]
[39455,20,7100,0]
[28188,20,7000,0]
[10444,20,7400,0]
[34398,20,6400,0]
[25811,20,7600,0]
[32601,20,6600,0]
[39071,20,6200,0]
[2639,20,6500,0]
[17443,20,6700,0]
[670,20,6800,0]
[8980,20,6700,0]
[15177,20,7200,0]
[35162,20,6300,0]
[27629,20,6800,0]
[31806,20,6700,0]
[8707,20,6500,0]
[34631,20,7000,0]
[9777,20,6800,0]
[22033,20,6800,0]
[22273,20,6200,0]
[21113,20,7100,0]
[38087,20,6200,0]
[38594,20,6900,0]
[32522,20,8100,0]
[16556,20,6600,0]
[18225,20,6200,0]
[862,20,7500,0]
[18445,20,5800,0]
[19839,20,6600,0]
[33009,20,7200,0]
[39474,20,6900,0]
[1973,20,7300,0]
[15955,20,7000,0]
[7482,20,7100,0]
[24659,20,6000,0]
[9681,20,6800,0]
[3302,20,6500,0]
[14521,20,7500,0]
[4551,20,7300,0]
[7561,20,7400,0]
[33240,20,6700,0]
[7510,20,7300,0]
[8254,20,6400,0]
[37872,20,7200,0]
[7319,20,8100,0]
[16293,20,7700,0]
[4111,20,6900,0]
[10924,20,6600,0]
[18234,20,6400,0]
[14529,20,7100,0]
[16284,20,7400,0]
[1698,20,6500,0]
[21171,20,7300,0]
[9214,20,6200,0]
[17023,20,6800,0]
[31765,20,7900,0]
[28146,20,6900,0]
[9161,20,7600,0]
[2065,20,8000,0]
[27456,20,6900,0]
[19516,20,7300,0]
[30988,20,7900,0]
[687,20,7100,0]
[37076,20,7000,0]
[13393,20,7600,0]
[20091,20,6900,0]
[12065,20,7000,0]
[16988,20,6900,0]
[34014,20,6700,0]
[29954,20,7600,0]
[27300,20,6500,0]
[7559,20,7200,0]
[15707,20,7200,0]
[35824,20,8000,0]
[34824,20,6500,0]
[26347,20,7300,0]
[5615,20,7000,0]
[20528,20,7400,0]
[36318,20,7500,0]
[17827,20,8000,0]
[18722,20,7500,0]
[31669,20,6600,0]
[39981,20,7200,0]
[31154,20,6800,0]
[29298,20,6400,0]
[39746,20,8000,0]
[2882,20,6700,0]
[5818,20,7300,0]
[14545,20,6900,0]
[22986,20,6800,0]
[33346,20,7200,0]
[29131,20,6600,0]
[25183,20,6800,0]
[23058,20,6900,0]
[36629,20,7100,0]
[12276,20,6200,0]
[38097,20,7300,0]
[3808,20,7000,0]
[25276,20,7300,0]
[12210,20,7100,0]
[1460,20,8300,0]
[8401,20,6900,0]
[15099,20,7300,0]
[26825,20,6600,0]
[31091,20,6900,0]
[19091,20,6400,0]
[23255,20,7800,0]
[35477,20,6700,0]
[16737,20,7500,0]
[9731,20,6800,0]
[3974,20,7300,0]
[4615,20,7600,0]
[26204,20,7100,0]
[17823,20,6900,0]
[36457,20,7700,0]
[9890,20,6200,0]
[11717,20,7800,0]
[15980,20,7100,0]
[9235,20,7100,0]
[17165,20,7500,0]
[14615,20,7600,0]
[32831,20,7000,0]
[5174,20,6900,0]
[34434,20,7000,0]
[13700,20,6800,0]
[21392,20,6700,0]
[11429,20,6600,0]
[30222,20,7400,0]
[5351,20,7100,0]
[30513,20,8000,0]
[34814,20,6800,0]
[21416,20,7100,0]
[24293,20,6400,0]
[6498,20,7900,0]
[17290,20,6200,0]
[15125,20,7100,0]
[39738,20,6600,0]
[4247,20,7100,0]
[19795,20,7200,0]
[22303,20,6600,0]
[14477,20,7100,0]
[39299,20,7100,0]
[16363,20,6900,0]
[3542,20,7800,0]
[19130,20,7300,0]
[29374,20,7300,0]
[34235,20,7100,0]
[15734,20,6100,0]
[35007,20,6200,0]
[37419,20,7000,0]
[13365,20,7600,0]
[10903,20,6500,0]
[25976,20,7700,0]
[25999,20,6800,0]
[30537,20,7000,0]
[31716,20,7100,0]
[8144,20,7600,0]
[20109,20,6500,0]
[17,20,7100,0]
[23148,20,7100,0]
[34747,20,6100,0]
[38666,20,7100,0]
