[17091,20,6900,2]
[21952,20,7000,2]
[3184,20,6800,2]
[36684,20,7900,2]
[30036,20,5900,3]
[10274,20,6900,2]
[23307,20,6600,2]
[26583,20,7800,3]
[12982,20,7600,2]
[24881,20,6500,2]
[20969,20,6600,2]
[23818,20,6800,4]
[19215,20,7100,2]
[7448,20,6900,2]
[31723,20,7100,2]
[11646,20,7100,2]
[35866,20,7000,2]
[22909,20,6900,2]
[22182,20,8100,2]
[24596,20,6200,2]
[11400,20,7100,2]
[25440,20,7300,2]
[21561,20,6000,3]
[18036,20,7100,2]
[23716,20,6400,3]
[20097,20,7000,2]
[12967,20,7100,3]
[38382,20,7000,2]
[30184,20,6300,3]
[28397,20,7000,2]
[6842,20,7300,3]
[27735,20,6900,2]
[38550,20,7200,2]
[5351,20,7100,3]
[1348,20,7800,2]
[15368,20,7300,2]
[37833,20,6900,3]
[26583,20,7800,4]
[18980,20,7400,2]
[29419,20,6700,2]
[3702,20,6600,2]
[2790,20,7000,2]
[38575,20,7500,2]
[29836,20,6500,2]
[18027,20,6700,4]
[29248,20,7900,2]
[22867,20,6400,2]
[4290,20,6800,2]
[31371,20,7600,2]
[1160,20,6800,3]
[3616,20,7000,2]
[19890,20,7700,2]
[14337,20,7400,3]
[3041,20,8000,2]
[20485,20,6900,2]
[18222,20,7500,2]
[9051,20,6400,2]
[9137,20,7500,2]
[10462,20,7700,2]
[477,20,7200,2]
[18487,20,6800,2]
[33766,20,7100,3]
[38391,20,7300,3]
[34068,20,6700,2]
[34347,20,7500,2]
[31994,20,7200,2]
[14477,20,7100,3]
[23510,20,7100,2]
[17878,20,7300,2]
[18672,20,6300,3]
[3963,20,7300,2]
[19353,20,6900,2]
[6317,20,6800,2]
[13915,20,6700,2]
[26932,20,6800,3]
[13538,20,7100,3]
[12027,20,6900,3]
[4749,20,7200,4]
[14550,20,6900,4]
[30390,20,7000,3]
[20460,20,7200,3]
[2530,20,6600,2]
[13640,20,6300,2]
[666,20,6800,2]
[574,20,7200,4]
[14057,20,6600,2]
[33320,20,6400,2]
[24079,20,7400,2]
[4298,20,7200,2]
[39755,20,6200,2]
[11206,20,7500,2]
[5482,20,7400,2]
[5367,20,6400,2]
[24229,20,7200,2]
[7826,20,7300,2]
[11787,20,6800,2]
[35092,20,7000,2]
[32227,20,7000,3]
[4175,20,7500,2]
[36967,20,7000,2]
[10194,20,7100,2]
[4456,20,7400,5]
[16427,20,6300,2]
[5769,20,8100,2]
[33992,20,7200,2]
[23729,20,6900,2]
[36544,20,6800,3]
[39183,20,7200,2]
[31630,20,7700,2]
[4669,20,6500,2]
[11578,20,6700,2]
[22905,20,7100,2]
[15832,20,6500,2]
[36871,20,6700,3]
[19738,20,7600,2]
[29938,20,6900,4]
[5487,20,5600,3]
[7939,20,7600,2]
[36155,20,6600,3]
[39828,20,7500,4]
[16899,20,7700,2]
[37794,20,7000,2]
[7876,20,7800,3]
[26006,20,6600,2]
[24333,20,7100,2]
[2030,20,6400,2]
[19739,20,5700,3]
[8637,20,6500,2]
[29921,20,7500,2]
[3223,20,6800,2]
[32244,20,6700,2]
[358,20,7300,2]
[24452,20,7700,2]
[9744,20,6600,2]
[22797,20,6300,2]
[33762,20,6400,2]
[12939,20,6900,3]
[31326,20,6800,3]
[12276,20,6200,5]
[34395,20,7000,2]
[18123,20,7000,3]
[4698,20,6500,3]
[28597,20,6500,3]
[8550,20,6900,2]
[1690,20,7400,2]
[36821,20,7000,2]
[24067,20,6700,2]
[21306,20,6700,2]
[22188,20,6900,3]
[23502,20,7200,2]
[36255,20,7300,4]
[22626,20,7700,2]
[21965,20,7200,2]
[38837,20,6700,2]
[10203,20,6900,2]
[32457,20,7400,2]
[15590,20,7000,4]
[17081,20,7300,2]
[12365,20,5900,3]
[16368,20,7800,2]
[13572,20,7100,2]
[2556,20,6800,2]
[38288,20,7100,2]
[13543,20,6600,2]
[22387,20,6700,3]
[27758,20,7700,2]
[8938,20,7700,2]
[25741,20,7300,2]
[34105,20,7500,3]
[36240,20,6800,2]
[26851,20,6300,2]
[24021,20,7100,2]
[14679,20,6600,2]
[26480,20,6400,2]
[540,20,7500,2]
[1171,20,6800,2]
[23141,20,6700,2]
[1135,20,6700,2]
[11441,20,7400,2]
[10980,20,7400,2]
[5392,20,7400,2]
[8411,20,7200,2]
[9108,20,7600,2]
[7164,20,7300,2]
[24192,20,6500,2]
[1000,20,7500,2]
[27077,20,6200,2]
[35347,20,7400,2]
[5182,20,7300,2]
[11903,20,7400,2]
[23025,20,7600,2]
[17760,20,6800,2]
[3577,20,7400,2]
[24503,20,6500,2]
[8138,20,8000,2]
[7174,20,6700,2]
[27283,20,6900,2]
[12021,20,8400,2]
[24106,20,6500,2]
[3835,20,6900,2]
[3264,20,6400,2]
[35134,20,7800,4]
[18562,20,7200,3]
[20873,20,6800,3]
[8371,20,6900,2]
[15225,20,6300,2]
[9451,20,7000,2]
[9322,20,6800,3]
[28216,20,6300,2]
[21819,20,6600,2]
[16874,20,7000,3]
[12605,20,6500,2]
[18580,20,6800,2]
[39051,20,7300,2]
[35887,20,6900,2]
[20359,20,7200,3]
[4655,20,6800,2]
[36843,20,7800,2]
[26110,20,6300,2]
[36649,20,6800,2]
[946,20,7200,3]
[25311,20,6200,2]
[35980,20,6700,3]
[24665,20,6800,3]
[17276,20,7600,2]
[32077,20,6600,2]
[38573,20,7100,2]
[25721,20,6100,2]
[21359,20,7300,2]
[30027,20,7800,2]
[20127,20,7100,3]
[21192,20,6300,3]
[23184,20,7100,2]
[24514,20,7400,2]
[26464,20,7900,4]
[30280,20,6100,2]
[8210,20,6000,2]
[26022,20,7400,2]
[26798,20,7200,2]
[36709,20,7400,2]
[25545,20,6900,2]
[4784,20,6700,2]
[32062,20,7000,2]
[16033,20,7000,2]
[6569,20,6100,3]
[16262,20,7300,2]
[10443,20,6900,2]
[36328,20,7200,2]
[1899,20,6200,2]
[227,20,6500,2]
[25703,20,6200,2]
[34166,20,7900,2]
[21165,20,7400,2]
[8128,20,7000,2]
[13928,20,6200,2]
[574,20,7200,5]
[33821,20,7100,2]
[6288,20,7100,4]
[21690,20,6800,2]
[10051,20,7200,2]
[38847,20,7500,2]
[24075,20,7400,2]
[21293,20,6800,2]
[12683,20,8500,2]
[8310,20,5900,2]
[32236,20,6700,2]
[30809,20,7300,3]
[19939,20,7200,2]
[34621,20,6500,2]
[28786,20,6500,2]
[16232,20,6800,2]
[15168,20,6800,4]
[30936,20,7400,2]
[16414,20,7300,3]
[9189,20,6700,3]
[20504,20,6800,2]
[7439,20,6600,3]
[25391,20,7200,2]
[10667,20,6100,2]
[26732,20,7400,2]
[448,20,7100,2]
[28875,20,7000,2]
[13937,20,6900,2]
[22487,20,6800,2]
[27897,20,6200,2]
[35386,20,6500,2]
[30287,20,7900,2]
[36842,20,7200,2]
[38519,20,7100,3]
[32709,20,6400,2]
[29864,20,6900,2]
[25402,20,7200,2]
[27125,20,6800,2]
[29775,20,6400,2]
[31180,20,6800,4]
[14938,20,8000,2]
[14731,20,5900,2]
[29888,20,7400,2]
[13179,20,6800,2]
[26158,20,6900,2]
[7209,20,7500,2]
[31440,20,6800,2]
[23236,20,6700,3]
[5250,20,7600,2]
[17603,20,7100,2]
[30347,20,7000,2]
[9991,20,8000,2]
[19434,20,6800,2]
[31487,20,6900,2]
[25480,20,6100,2]
[38610,20,7200,2]
[19163,20,6900,2]
[30408,20,6900,3]
[22982,20,6000,2]
[1766,20,6200,3]
[31702,20,7200,2]
[1233,20,7900,2]
[7658,20,7300,2]
[13307,20,7400,2]
[8873,20,7600,2]
[25327,20,7000,3]
[3422,20,6600,2]
[12635,20,6700,3]
[18972,20,6500,2]
[9426,20,8000,3]
[17174,20,6500,2]
[8781,20,7000,2]
[33805,20,7400,3]
[26918,20,7400,3]
[36126,20,6500,2]
[27622,20,7300,2]
[2187,20,6200,2]
[33962,20,6300,2]
[5116,20,7800,5]
[310,20,7400,3]
[11582,20,7100,2]
[17730,20,6900,3]
[561,20,7400,2]
[5249,20,7000,2]
[27630,20,6900,2]
[19159,20,7200,2]
[3034,20,6000,2]
[28585,20,6900,2]
[37108,20,7200,2]
[33787,20,6900,2]
[10282,20,6500,2]
[29123,20,7300,2]
[7771,20,7300,2]
[14667,20,6600,2]
[29718,20,7300,2]
[9123,20,7100,2]
[23004,20,8300,3]
[24867,20,7900,2]
[700,20,7100,2]
[17405,20,5800,2]
[9649,20,6300,2]
[11265,20,7200,2]
[904,20,7300,3]
[4150,20,7000,3]
[780,20,6600,2]
[11294,20,6700,3]
[962,20,6900,4]
[32039,20,7200,2]
[34208,20,6700,2]
[8348,20,6400,2]
[13070,20,7400,2]
[34647,20,5900,2]
[22235,20,7100,2]
[30209,20,7000,2]
[28201,20,7200,2]
[22960,20,6900,2]
[25460,20,7200,3]
[11930,20,7000,4]
[4629,20,6900,2]
[9599,20,7100,3]
[6406,20,7200,2]
[13092,20,7400,2]
[31308,20,7500,2]
[13707,20,6700,2]
[17976,20,6000,2]
[30743,20,7400,4]
[5948,20,6800,2]
[27969,20,6900,2]
[20765,20,7400,2]
[16115,20,7100,3]
[31883,20,7400,2]
[14125,20,7200,3]
[39454,20,6300,2]
[32833,20,6100,2]
[2950,20,7200,3]
[38990,20,6900,2]
[28612,20,6600,2]
[29077,20,7500,2]
[37248,20,7200,2]
[16035,20,7400,2]
[26776,20,6900,2]
[37115,20,7600,2]
[16908,20,7100,2]
[10732,20,7800,2]
[15967,20,6900,2]
[21872,20,6000,2]
[30014,20,6500,2]
[28198,20,6900,3]
[31599,20,6700,2]
[12278,20,6700,2]
[26346,20,7000,2]
[20918,20,6300,3]
[34748,20,7000,4]
[20278,20,8100,3]
[37152,20,5800,3]
[5441,20,7700,2]
[16040,20,7400,2]
[29782,20,7100,2]
[30294,20,7400,2]
[30285,20,7500,2]
[4435,20,7700,2]
[21407,20,6300,3]
[37642,20,6600,3]
[22748,20,7600,2]
[39433,20,6700,2]
[37549,20,7500,2]
[12616,20,6800,3]
[16114,20,6700,2]
[9456,20,5800,2]
[29890,20,6300,2]
[34463,20,8000,2]
[33215,20,6300,2]
[38809,20,7100,2]
[23662,20,7100,3]
[16164,20,7400,2]
[38429,20,6500,2]
[1601,20,6400,2]
[1547,20,7400,4]
[5988,20,7600,2]
[14880,20,6600,2]
[20064,20,7100,2]
[18441,20,6700,2]
[27109,20,7400,2]
[5473,20,7500,2]
[29485,20,6000,2]
[15644,20,7300,3]
[33271,20,6900,3]
[4952,20,7100,2]
[20869,20,6800,2]
[3128,20,7600,3]
[31823,20,6800,2]
[1301,20,6500,2]
[28286,20,7000,2]
[12934,20,7500,2]
[29052,20,6800,2]
[18717,20,6800,2]
[13647,20,6300,2]
[31809,20,7500,2]
[39057,20,6800,2]
[27699,20,7100,2]
[2425,20,6700,2]
[27142,20,6200,2]
[22329,20,7500,2]
[10262,20,6600,3]
[26868,20,7500,2]
[20157,20,6400,2]
[36097,20,6900,3]
[29532,20,7400,2]
[15570,20,7300,2]
[10558,20,6200,2]
[15313,20,6300,2]
[1282,20,6600,2]
[30744,20,7000,2]
[11062,20,6700,2]
[4730,20,6400,2]
[25653,20,7400,3]
[11377,20,6100,2]
[24143,20,7000,2]
[17511,20,7000,2]
[9608,20,6800,2]
[2264,20,7300,4]
[7253,20,7500,2]
[16985,20,7600,4]
[30091,20,6600,3]
[39786,20,7400,2]
[27277,20,6800,2]
[13505,20,6700,2]
[22777,20,7100,3]
[26235,20,7300,3]
[34402,20,7500,2]
[24686,20,6900,2]
[18517,20,7000,2]
[14302,20,7100,3]
[37220,20,7100,2]
[29606,20,6800,2]
[11877,20,7600,4]
[35875,20,7700,2]
[37114,20,7400,2]
[19358,20,6800,2]
[28706,20,6300,2]
[9611,20,6900,3]
[36730,20,7200,3]
[20330,20,7700,2]
[19173,20,6600,2]
[26731,20,7000,2]
