[5904,20,7200,0]
[36170,20,6600,0]
[2715,20,6600,0]
[24751,20,7400,0]
[3201,20,6500,0]
[18460,20,6700,0]
[39253,20,7100,0]
[26789,20,7400,0]
[19533,20,7700,0]
[14103,20,5900,0]
[38954,20,6200,0]
[6583,20,6800,0]
[32359,20,6900,0]
[12608,20,6400,0]
[23651,20,6700,0]
[31520,20,6200,0]
[9806,20,6600,0]
[34706,20,7400,0]
[18057,20,7600,0]
[28424,20,6400,0]
[35224,20,7300,0]
[18015,20,7300,0]
[16010,20,7500,0]
[19450,20,7400,0]
[2715,20,6600,0]
[14070,20,6900,0]
[36314,20,6800,0]
[26737,20,6900,0]
[24688,20,7100,0]
[19992,20,7000,0]
[18484,20,7100,0]
[14188,20,8100,0]
[28305,20,7000,0]
[31269,20,6200,0]
[10218,20,7100,0]
[1673,20,7000,0]
[16689,20,8000,0]
[5385,20,6700,0]
[4520,20,6200,0]
[13271,20,7300,0]
[37358,20,6900,0]
[7176,20,6400,0]
[23395,20,7400,0]
[8872,20,7500,0]
[32196,20,7000,0]
[21920,20,7500,0]
[13459,20,7500,0]
[28944,20,6400,0]
[27275,20,7800,0]
[20139,20,6400,0]
[16084,20,6100,0]
[4456,20,7400,0]
[24398,20,7200,0]
[5539,20,7100,0]
[8667,20,6900,0]
[11782,20,6500,0]
[667,20,7200,0]
[24782,20,7400,0]
[31953,20,7000,0]
[4918,20,7600,0]
[5340,20,6300,0]
[7720,20,6000,0]
[19198,20,6700,0]
[11728,20,7100,0]
[25051,20,7200,0]
[24609,20,7100,0]
[15965,20,5900,0]
[37044,20,7900,0]
[13504,20,7500,0]
[12972,20,7600,0]
[18725,20,7100,0]
[35201,20,6900,0]
[19987,20,6800,0]
[24675,20,7000,0]
[36115,20,6300,0]
[4413,20,7100,0]
[30459,20,7000,0]
[25051,20,7200,0]
[36815,20,6800,0]
[10859,20,7300,0]
[24458,20,7800,0]
[1615,20,6500,0]
[13867,20,6500,0]
[36496,20,6600,0]
[28034,20,6300,0]
[19369,20,7000,0]
[17612,20,6900,0]
[32276,20,6400,0]
[24068,20,6800,0]
[39828,20,7500,0]
[4493,20,7100,0]
[21917,20,7200,0]
[2690,20,6900,0]
[30918,20,7300,0]
[5620,20,8200,0]
[36179,20,6700,0]
[4589,20,7100,0]
[19024,20,7200,0]
[15189,20,6700,0]
[6075,20,7500,0]
[10252,20,7100,0]
[299,20,6800,0]
[31772,20,6900,0]
[19638,20,7000,0]
[33569,20,7100,0]
[31666,20,7400,0]
[21,20,6700,0]
[3464,20,7100,0]
[8841,20,6400,0]
[20584,20,5900,0]
[21167,20,7800,0]
[19627,20,7100,0]
[25784,20,6800,0]
[32617,20,6700,0]
[3620,20,6900,0]
[25146,20,8200,0]
[15318,20,6200,0]
[8646,20,7000,0]
[8963,20,7500,0]
[23519,20,7700,0]
[10104,20,7000,0]
[39824,20,7100,0]
[19093,20,7000,0]
[601,20,7100,0]
[2403,20,7000,0]
[3581,20,7300,0]
[17204,20,7300,0]
[20105,20,7100,0]
[28953,20,7300,0]
[38471,20,6700,0]
[5509,20,7400,0]
[34951,20,7400,0]
[3391,20,6700,0]
[29249,20,6600,0]
[38101,20,7400,0]
[8245,20,6800,0]
[7287,20,8000,0]
[21267,20,8000,0]
[13226,20,7000,0]
[30994,20,7300,0]
[10221,20,7400,0]
[26156,20,6300,0]
[10322,20,7800,0]
[11411,20,7100,0]
[34060,20,6400,0]
[3265,20,7200,0]
[12670,20,6900,0]
[17712,20,6300,0]
[36484,20,7000,0]
[38410,20,7000,0]
[21334,20,7100,0]
[38102,20,7500,0]
[2622,20,6700,0]
[28024,20,6000,0]
[8494,20,7500,0]
[37185,20,6900,0]
[5901,20,6300,0]
[8693,20,7300,0]
[8499,20,6900,0]
[3725,20,6800,0]
[16178,20,7600,0]
[17092,20,6800,0]
[30967,20,6600,0]
[21579,20,6400,0]
[36576,20,7400,0]
[11720,20,6700,0]
[28938,20,6800,0]
[34709,20,7700,0]
[22510,20,7600,0]
[36731,20,7700,0]
[16381,20,7800,0]
[4975,20,5900,0]
[8558,20,6100,0]
[5964,20,6700,0]
[14577,20,7500,0]
[19083,20,7500,0]
[18162,20,6300,0]
[29599,20,7300,0]
[10092,20,8300,0]
[36176,20,7000,0]
[26088,20,7600,0]
[4752,20,6800,0]
[7473,20,7000,0]
[16727,20,7000,0]
[32401,20,7700,0]
[6602,20,6200,0]
[35182,20,6800,0]
[28939,20,6900,0]
[17162,20,7600,0]
[16426,20,6800,0]
[13059,20,6800,0]
[20716,20,6600,0]
[18676,20,7300,0]
[39890,20,8100,0]
[24599,20,7800,0]
[14550,20,6900,0]
[38028,20,6700,0]
[14781,20,6500,0]
[38855,20,6800,0]
[11640,20,7000,0]
[23903,20,6800,0]
[31859,20,7600,0]
[18943,20,7100,0]
[15063,20,6600,0]
[28847,20,6500,0]
[24722,20,7000,0]
[21229,20,7300,0]
[2921,20,8000,0]
[1868,20,6600,0]
[20863,20,7500,0]
[35483,20,6700,0]
[17868,20,6800,0]
[3242,20,6600,0]
[12004,20,7600,0]
[18637,20,6900,0]
[16096,20,7600,0]
[35348,20,8000,0]
[2792,20,7300,0]
[21794,20,6600,0]
[6794,20,7400,0]
[17377,20,6500,0]
[18895,20,7300,0]
[31148,20,6300,0]
[30187,20,7000,0]
[32905,20,7200,0]
[1232,20,6700,0]
[26225,20,6200,0]
[13592,20,7100,0]
[12256,20,6800,0]
[28803,20,7700,0]
[10989,20,6600,0]
[31033,20,7400,0]
[1036,20,7200,0]
[28205,20,7200,0]
[4793,20,6900,0]
[26100,20,6600,0]
[37954,20,6800,0]
[7291,20,8100,0]
[17759,20,7000,0]
[10710,20,6700,0]
[6977,20,6200,0]
[34087,20,6200,0]
[5924,20,7300,0]
[17427,20,7100,0]
[5408,20,6700,0]
[11409,20,7200,0]
[8667,20,6900,0]
[10149,20,6300,0]
[28924,20,6000,0]
[36538,20,7400,0]
[4162,20,6200,0]
[34576,20,7000,0]
[38276,20,7100,0]
[13056,20,7000,0]
[12777,20,7800,0]
[5521,20,7200,0]
[34219,20,6500,0]
[15772,20,6500,0]
[21712,20,6900,0]
[21472,20,7200,0]
[24972,20,7500,0]
[12841,20,7400,0]
[29558,20,8500,0]
[34685,20,6900,0]
[12942,20,6300,0]
[34241,20,6800,0]
[32574,20,7800,0]
[1547,20,7400,0]
[31383,20,7600,0]
[26579,20,7200,0]
[38311,20,7500,0]
[22128,20,7300,0]
[13090,20,6700,0]
[31109,20,7200,0]
[12698,20,7300,0]
[19754,20,6900,0]
[28492,20,6500,0]
[24835,20,6800,0]
[7061,20,6600,0]
[32191,20,7500,0]
[38337,20,7700,0]
[17216,20,6500,0]
[22551,20,7100,0]
[28184,20,6100,0]
[17166,20,7900,0]
[36594,20,6800,0]
[18270,20,7300,0]
[19403,20,7100,0]
[34287,20,6400,0]
[12163,20,6800,0]
[20788,20,7200,0]
[24406,20,7700,0]
[20952,20,6200,0]
[21634,20,6900,0]
[35748,20,7200,0]
[32491,20,7800,0]
[46,20,6000,0]
[25058,20,6600,0]
[2733,20,7100,0]
[952,20,7100,0]
[28925,20,7700,0]
[29652,20,7600,0]
[30491,20,7500,0]
[23958,20,7000,0]
[8317,20,6500,0]
[23712,20,6800,0]
[10640,20,6400,0]
[27940,20,6600,0]
[8376,20,6800,0]
[23459,20,6900,0]
[37157,20,7000,0]
[28486,20,7500,0]
[18770,20,8300,0]
[21565,20,7100,0]
[4477,20,6400,0]
[10185,20,6500,0]
[32494,20,6700,0]
[27374,20,7000,0]
[12707,20,7600,0]
[16585,20,6700,0]
[27485,20,7400,0]
[9667,20,7200,0]
[20973,20,6600,0]
[2964,20,7000,0]
[13661,20,7300,0]
[36675,20,6900,0]
[21709,20,6600,0]
[29969,20,7300,0]
[2444,20,6600,0]
[402,20,7200,0]
[1766,20,6200,0]
[2274,20,6800,0]
[34019,20,7200,0]
[275,20,7300,0]
[30751,20,6900,0]
[11192,20,7300,0]
[8052,20,7400,0]
[28158,20,7500,0]
[29997,20,7100,0]
[25412,20,7000,0]
[23000,20,7900,0]
[31331,20,7300,0]
[31097,20,7300,0]
[7100,20,8300,0]
[35992,20,7600,0]
[28697,20,7800,0]
[15923,20,7400,0]
[32024,20,7400,0]
[37604,20,7500,0]
[12331,20,7100,0]
[38633,20,7800,0]
[20546,20,7300,0]
[21237,20,7300,0]
[8274,20,7600,0]
[23450,20,7000,0]
[4390,20,7400,0]
[19739,20,5700,0]
[14215,20,7900,0]
[18788,20,6700,0]
[12503,20,7900,0]
[11738,20,6900,0]
[39616,20,6900,0]
[11161,20,7500,0]
[16577,20,7100,0]
[14068,20,6600,0]
[33805,20,7400,0]
[11901,20,6500,0]
[3148,20,7100,0]
[29429,20,7600,0]
[4766,20,6100,0]
[13477,20,7400,0]
[24868,20,7400,0]
[4071,20,8000,0]
[2510,20,6700,0]
[24228,20,6900,0]
[31989,20,6800,0]
[24876,20,7300,0]
[30833,20,6900,0]
[16218,20,7400,0]
[1357,20,7300,0]
[38397,20,6600,0]
[5764,20,7600,0]
[27866,20,6900,0]
[32150,20,8000,0]
[1462,20,6700,0]
[39371,20,7000,0]
[35533,20,7200,0]
[6278,20,5900,0]
[29088,20,6800,0]
[20127,20,7100,0]
[12360,20,6200,0]
[19454,20,7500,0]
[19346,20,7300,0]
[11802,20,7100,0]
[10276,20,7100,0]
[26364,20,6000,0]
[16818,20,7700,0]
[13841,20,7700,0]
[20972,20,6200,0]
[13809,20,7100,0]
[3049,20,7900,0]
[33931,20,7000,0]
[26163,20,7100,0]
[3804,20,7900,0]
[17499,20,6500,0]
[30237,20,6400,0]
[31620,20,6200,0]
[6032,20,7500,0]
[10474,20,6700,0]
[18493,20,6600,0]
[9812,20,6400,0]
[39939,20,7600,0]
[10114,20,6400,0]
[24510,20,6800,0]
[23759,20,7800,0]
[39419,20,7200,0]
[15683,20,6800,0]
[3141,20,7200,0]
[22240,20,7000,0]
[16500,20,6700,0]
[3819,20,7600,0]
[15451,20,5700,0]
[5980,20,7200,0]
[2001,20,6200,0]
[14316,20,6400,0]
[24301,20,7100,0]
[34233,20,6900,0]
[22632,20,6900,0]
[18565,20,6800,0]
[2226,20,6800,0]
[28537,20,7600,0]
[564,20,6200,0]
[27387,20,7100,0]
[37707,20,6800,0]
[7481,20,6000,0]
[14602,20,7200,0]
[36274,20,7200,0]
[11607,20,7100,0]
[12904,20,7300,0]
[22312,20,7000,0]
[13437,20,6800,0]
[9273,20,7000,0]
[37098,20,7800,0]
[22130,20,6800,0]
[24800,20,6800,0]
[31700,20,7500,0]
[17901,20,7200,0]
[25218,20,7000,0]
[8784,20,5900,0]
[11186,20,6800,0]
[31727,20,7000,0]
[19372,20,7200,0]
[3652,20,7900,0]
[18898,20,6500,0]
[13367,20,7100,0]
[39794,20,7500,0]
[34769,20,7800,0]
[36662,20,7400,0]
[14043,20,6700,0]
[3168,20,6700,0]
[18021,20,7500,0]
[373,20,6200,0]
[3218,20,7300,0]
[25180,20,6600,0]
[5120,20,6700,0]
[19155,20,7200,0]
[6964,20,7900,0]
[33313,20,7700,0]
[1050,20,6300,0]
[16117,20,8100,0]
[31063,20,6800,0]
[37781,20,7000,0]
[21934,20,6700,0]
[10393,20,7400,0]
[38993,20,6600,0]
[14109,20,7600,0]
[15081,20,6600,0]
[5204,20,7500,0]
[17781,20,7000,0]
[2596,20,6100,0]
[17681,20,7000,0]
[3584,20,6800,0]
[17703,20,7300,0]
[30809,20,7300,0]
[30214,20,6300,0]
[19902,20,7900,0]
[22808,20,6900,0]
[36210,20,7200,0]
[18812,20,6600,0]
[17647,20,7900,0]
[21396,20,6900,0]
[14994,20,7000,0]
[4912,20,6400,0]
[12656,20,6800,0]
[15934,20,7400,0]
[4427,20,6400,0]
[7831,20,7000,0]
[37052,20,7200,0]
[29093,20,6400,0]
[35212,20,6600,0]
