[4487,20,7200,0]
[2038,20,7400,0]
[36919,20,7300,0]
[23472,20,7500,0]
[20005,20,7100,0]
[33731,20,7700,0]
[35978,20,6600,0]
[16561,20,6800,0]
[28741,20,6300,0]
[6988,20,6900,0]
[1254,20,6600,0]
[29056,20,7100,0]
[30335,20,6600,0]
[5750,20,7000,0]
[1567,20,7400,0]
[12801,20,7000,0]
[21962,20,7100,0]
[30772,20,7500,0]
[25245,20,7000,0]
[37380,20,6800,0]
[5569,20,7100,0]
[16124,20,6800,0]
[9881,20,6700,0]
[5425,20,6300,0]
[3946,20,7300,0]
[38952,20,7000,0]
[8939,20,7000,0]
[24634,20,6600,0]
[3850,20,6500,0]
[17905,20,6600,0]
[25347,20,7200,0]
[11103,20,7700,0]
[37723,20,6900,0]
[18863,20,7000,0]
[20421,20,7300,0]
[14945,20,6900,0]
[17697,20,6400,0]
[25013,20,7100,0]
[29100,20,7500,0]
[5352,20,7100,0]
[13101,20,6000,0]
[11401,20,6900,0]
[11868,20,6900,0]
[2126,20,7400,0]
[39320,20,7600,0]
[7024,20,7300,0]
[11632,20,6600,0]
[11844,20,7000,0]
[9534,20,7600,0]
[38741,20,6200,0]
[4038,20,7100,0]
[27746,20,6800,0]
[33569,20,7100,0]
[21109,20,6000,0]
[12003,20,8000,0]
[5606,20,6400,0]
[39732,20,6800,0]
[10107,20,6600,0]
[20508,20,7000,0]
[2774,20,6600,0]
[8691,20,6900,0]
[28782,20,7800,0]
[38020,20,7500,0]
[25752,20,6800,0]
[18389,20,6600,0]
[12718,20,6000,0]
[7889,20,6300,0]
[39449,20,6800,0]
[32218,20,7900,0]
[23593,20,7300,0]
[15022,20,8000,0]
[31160,20,6700,0]
[17735,20,6100,0]
[34812,20,7200,0]
[4403,20,6900,0]
[25025,20,6900,0]
[34093,20,7300,0]
[33608,20,7400,0]
[26322,20,7300,0]
[12231,20,7600,0]
[35423,20,7200,0]
[12896,20,6900,0]
[58,20,7300,0]
[36029,20,7800,0]
[20394,20,6800,0]
[37499,20,7500,0]
[14493,20,6500,0]
[20348,20,7000,0]
[4079,20,6700,0]
[33944,20,6400,0]
[38247,20,7500,0]
[30631,20,7200,0]
[30495,20,8400,0]
[18332,20,6800,0]
[36766,20,5900,0]
[2308,20,6500,0]
[9542,20,7100,0]
[26187,20,7200,0]
[22491,20,6800,0]
[16673,20,7200,0]
[3321,20,7000,0]
[17145,20,7600,0]
[24522,20,6500,0]
[9205,20,8000,0]
[11164,20,7600,0]
[1432,20,7400,0]
[12418,20,6600,0]
[14502,20,6900,0]
[10668,20,6800,0]
[11831,20,7400,0]
[38335,20,6200,0]
[27623,20,7600,0]
[26774,20,6500,0]
[11593,20,6800,0]
[28210,20,6800,0]
[29033,20,7700,0]
[23428,20,7100,0]
[31421,20,6600,0]
[31107,20,6600,0]
[30485,20,6700,0]
[25236,20,6600,0]
[20867,20,6900,0]
[7183,20,6800,0]
[2667,20,7800,0]
[5649,20,6800,0]
[18723,20,6300,0]
[20039,20,6500,0]
[6705,20,7100,0]
[5985,20,6900,0]
[8725,20,6200,0]
[33718,20,7100,0]
[6582,20,7400,0]
[18329,20,7600,0]
[32487,20,6900,0]
[24208,20,7300,0]
[5405,20,7200,0]
[6029,20,6600,0]
[13835,20,6700,0]
[32746,20,6800,0]
[23598,20,7400,0]
[19736,20,6500,0]
[10207,20,6300,0]
[12158,20,7200,0]
[13816,20,6100,0]
[4148,20,6500,0]
[21895,20,6600,0]
[26011,20,6800,0]
[18623,20,7400,0]
[14248,20,7100,0]
[21826,20,5900,0]
[10692,20,7000,0]
[39520,20,6400,0]
[10591,20,6000,0]
[32693,20,7200,0]
[28215,20,7100,0]
[14568,20,6200,0]
[9194,20,6500,0]
[23960,20,8000,0]
[34809,20,6300,0]
[38378,20,6900,0]
[5444,20,6700,0]
[13355,20,7700,0]
[22558,20,6500,0]
[18672,20,6300,0]
[14335,20,7500,0]
[6877,20,6700,0]
[11653,20,7000,0]
[4624,20,6400,0]
[30871,20,7000,0]
[15684,20,7300,0]
[36760,20,7000,0]
[7852,20,7200,0]
[4547,20,7200,0]
[11342,20,7000,0]
[20515,20,6700,0]
[6750,20,7200,0]
[18427,20,6700,0]
[6044,20,6000,0]
[4203,20,7500,0]
[37664,20,7100,0]
[20610,20,7600,0]
[11651,20,7500,0]
[19505,20,7700,0]
[6170,20,7100,0]
[26763,20,6300,0]
[1590,20,7500,0]
[38441,20,7700,0]
[38546,20,6600,0]
[27523,20,6900,0]
[9087,20,6700,0]
[30372,20,7300,0]
[10152,20,6300,0]
[30185,20,6900,0]
[13871,20,6800,0]
[968,20,6400,0]
[36745,20,7100,0]
[11590,20,7000,0]
[1463,20,7200,0]
[30860,20,6200,0]
[31617,20,6800,0]
[17591,20,7400,0]
[31221,20,7500,0]
[13089,20,6700,0]
[32442,20,7000,0]
[23860,20,7600,0]
[36866,20,7800,0]
[38656,20,7700,0]
[14455,20,7000,0]
[32689,20,6300,0]
[13006,20,6600,0]
[26319,20,6900,0]
[23153,20,7200,0]
[29095,20,6900,0]
[9439,20,7200,0]
[36797,20,7400,0]
[13488,20,6800,0]
[7793,20,6700,0]
[24365,20,7500,0]
[31732,20,6700,0]
[23256,20,7100,0]
[24961,20,6800,0]
[21029,20,6700,0]
[8508,20,7400,0]
[197,20,7200,0]
[21010,20,6500,0]
[8984,20,7600,0]
[22051,20,7200,0]
[2674,20,7200,0]
[10339,20,7200,0]
[21036,20,7600,0]
[12273,20,6400,0]
[6486,20,7200,0]
[10798,20,6600,0]
[20938,20,7100,0]
[1196,20,6600,0]
[15671,20,6200,0]
[21838,20,7200,0]
[25271,20,7100,0]
[39327,20,6500,0]
[28578,20,6200,0]
[20344,20,7500,0]
[4998,20,6800,0]
[21524,20,6700,0]
[34130,20,7400,0]
[4698,20,6500,0]
[7717,20,6700,0]
[13549,20,7100,0]
[29418,20,6600,0]
[12862,20,6000,0]
[5714,20,6600,0]
[34104,20,7000,0]
[1960,20,7300,0]
[9509,20,6800,0]
[27310,20,6800,0]
[9461,20,7700,0]
[9593,20,7500,0]
[30377,20,7500,0]
[26464,20,7900,0]
[12944,20,8000,0]
[35716,20,6600,0]
[5783,20,7400,0]
[16246,20,7600,0]
[37656,20,6700,0]
[6993,20,7600,0]
[38612,20,7300,0]
[4058,20,6900,0]
[19727,20,7000,0]
[39005,20,7500,0]
[6253,20,7000,0]
[418,20,6300,0]
[25582,20,6600,0]
[12126,20,6800,0]
[959,20,6300,0]
[3378,20,8200,0]
[427,20,6900,0]
[15974,20,7700,0]
[18546,20,6900,0]
[32117,20,6500,0]
[20096,20,6700,0]
[3255,20,7000,0]
[3191,20,7500,0]
[36100,20,7300,0]
[19550,20,6900,0]
[26805,20,7600,0]
[10280,20,8100,0]
[35147,20,7100,0]
[9962,20,7000,0]
[30580,20,6500,0]
[30235,20,6800,0]
[28081,20,7400,0]
[25149,20,6700,0]
[38405,20,7100,0]
[19628,20,7800,0]
[32056,20,6800,0]
[6490,20,7800,0]
[513,20,6500,0]
[7301,20,7500,0]
[30873,20,7200,0]
[35792,20,6900,0]
[37325,20,6400,0]
[31754,20,6700,0]
[17392,20,6200,0]
[37666,20,6600,0]
[16400,20,7800,0]
[11617,20,6900,0]
[6185,20,7700,0]
[24293,20,6400,0]
[8288,20,6400,0]
[17957,20,7100,0]
[36412,20,7000,0]
[34045,20,6400,0]
[8654,20,7200,0]
[31405,20,6900,0]
[32627,20,6900,0]
[20931,20,7000,0]
[22236,20,7000,0]
[35517,20,7700,0]
[26589,20,7000,0]
[33438,20,6200,0]
[32496,20,7600,0]
[10591,20,6000,0]
[10567,20,6100,0]
[9597,20,7100,0]
[18297,20,7500,0]
[6381,20,7100,0]
[36917,20,7400,0]
[5100,20,7200,0]
[2708,20,7300,0]
[12226,20,6700,0]
[6995,20,7500,0]
[7584,20,6500,0]
[12981,20,7800,0]
[36918,20,6600,0]
[21088,20,6900,0]
[7014,20,8000,0]
[12355,20,6900,0]
[31591,20,8000,0]
[29208,20,6500,0]
[16083,20,7600,0]
[4448,20,5900,0]
[3710,20,6000,0]
[29389,20,7100,0]
[35478,20,7700,0]
[24171,20,7800,0]
[3372,20,6700,0]
[33095,20,6500,0]
[21637,20,7100,0]
[13933,20,7100,0]
[31172,20,7300,0]
[27609,20,6200,0]
[1062,20,7700,0]
[16824,20,6900,0]
[31337,20,6900,0]
[2465,20,6800,0]
[29210,20,6400,0]
[12295,20,8100,0]
[7185,20,7100,0]
[19667,20,6600,0]
[16732,20,6500,0]
[3714,20,7400,0]
[30324,20,6600,0]
[15280,20,7600,0]
[12320,20,7700,0]
[2597,20,7700,0]
[26654,20,6500,0]
[1668,20,6700,0]
[23198,20,6600,0]
[33576,20,7600,0]
[19899,20,6500,0]
[22061,20,6800,0]
[33559,20,6800,0]
[17502,20,7900,0]
[33652,20,6800,0]
[29585,20,7000,0]
[36670,20,7000,0]
[35944,20,7600,0]
[24511,20,6800,0]
[22593,20,7500,0]
[37862,20,7300,0]
[36957,20,6700,0]
[18790,20,6600,0]
[12565,20,6700,0]
[11639,20,5500,0]
[9906,20,7300,0]
[14236,20,7100,0]
[31724,20,6400,0]
[37678,20,7100,0]
[3380,20,7200,0]
[30900,20,6600,0]
[12789,20,7100,0]
[11615,20,7200,0]
[18859,20,7000,0]
[31539,20,7200,0]
[26703,20,7200,0]
[10315,20,6900,0]
[7773,20,7100,0]
[39704,20,6800,0]
[20951,20,7000,0]
[32485,20,7300,0]
[33355,20,7100,0]
[443,20,5800,0]
[10016,20,6600,0]
[16697,20,6600,0]
[24487,20,6500,0]
[21563,20,7500,0]
[27704,20,7000,0]
[31491,20,6800,0]
[38462,20,7000,0]
[39636,20,7700,0]
[15058,20,7500,0]
[35752,20,7800,0]
[12051,20,6600,0]
[17144,20,7400,0]
[21285,20,7900,0]
[34249,20,6500,0]
[33354,20,7100,0]
[4694,20,6800,0]
[2807,20,7300,0]
[1322,20,6800,0]
[15773,20,7500,0]
[30208,20,7400,0]
[33737,20,7600,0]
[31496,20,7200,0]
[38713,20,7900,0]
[33231,20,7800,0]
[32860,20,7700,0]
[26811,20,7100,0]
[10150,20,6700,0]
[12393,20,7000,0]
[31548,20,7100,0]
[26770,20,6400,0]
[27488,20,7100,0]
[15430,20,7700,0]
[857,20,6900,0]
[38076,20,6700,0]
[5156,20,6300,0]
[13796,20,7100,0]
[15771,20,7400,0]
[12820,20,7100,0]
[19751,20,6200,0]
[10853,20,6400,0]
[9179,20,7200,0]
[29641,20,7000,0]
[16897,20,7100,0]
[17627,20,6800,0]
[9400,20,6400,0]
[30297,20,6000,0]
[20852,20,7500,0]
[28597,20,6500,0]
[8420,20,7200,0]
[6061,20,6900,0]
[30228,20,6600,0]
[8176,20,7600,0]
[3318,20,6100,0]
[2953,20,6800,0]
[24790,20,7800,0]
[27413,20,7200,0]
[32823,20,6700,0]
[37716,20,6400,0]
[10926,20,6600,0]
[29575,20,7500,0]
[20084,20,7300,0]
[9841,20,7300,0]
[28041,20,6900,0]
[12513,20,6700,0]
[39714,20,6500,0]
[29167,20,6700,0]
[18662,20,7100,0]
[19989,20,6200,0]
[2189,20,6300,0]
[26918,20,7400,0]
[30538,20,7200,0]
[14760,20,6900,0]
[3,20,7200,0]
[15872,20,6600,0]
[18920,20,6700,0]
[3427,20,7200,0]
[19309,20,7500,0]
[18180,20,7100,0]
[25961,20,6800,0]
[36374,20,7300,0]
[38567,20,7400,0]
[10094,20,6900,0]
[2975,20,7700,0]
[4674,20,7900,0]
[7149,20,6900,0]
[10987,20,7600,0]
[38387,20,6300,0]
[21411,20,7300,0]
[30177,20,7300,0]
[33841,20,6700,0]
[28555,20,7000,0]
[37060,20,6900,0]
[10632,20,7500,0]
[5366,20,7400,0]
[34466,20,7100,0]
[22224,20,6200,0]
[12071,20,7400,0]
[26388,20,7500,0]
[11241,20,7100,0]
