[36097,20,6900,0]
[7875,20,6500,0]
[19080,20,6600,0]
[8292,20,6700,0]
[35573,20,8000,0]
[35278,20,7800,0]
[39524,20,6800,0]
[7388,20,7600,0]
[844,20,7400,0]
[4782,20,7200,0]
[20145,20,7200,0]
[22074,20,7300,0]
[37839,20,8100,0]
[5756,20,7200,0]
[21259,20,7200,0]
[3166,20,7700,0]
[39967,20,6900,0]
[28299,20,6400,0]
[13648,20,6700,0]
[34716,20,6800,0]
[21512,20,7600,0]
[23415,20,6700,0]
[29780,20,6800,0]
[39305,20,6900,0]
[39253,20,7100,0]
[8892,20,6800,0]
[20610,20,7600,0]
[11685,20,6100,0]
[3200,20,7400,0]
[8980,20,6700,0]
[21160,20,7000,0]
[37803,20,6900,0]
[36717,20,6500,0]
[3128,20,7600,0]
[21683,20,6300,0]
[14204,20,7400,0]
[26387,20,7200,0]
[24203,20,6400,0]
[34635,20,7400,0]
[23920,20,7200,0]
[30085,20,7600,0]
[31183,20,7000,0]
[21448,20,6500,0]
[730,20,6600,0]
[13990,20,7800,0]
[22296,20,6500,0]
[14185,20,7600,0]
[12939,20,6900,0]
[28370,20,6300,0]
[1094,20,6400,0]
[39898,20,7200,0]
[11772,20,7100,0]
[13233,20,7300,0]
[39862,20,6500,0]
[7340,20,6000,0]
[25790,20,8100,0]
[24842,20,7000,0]
[20136,20,6800,0]
[5203,20,7500,0]
[4043,20,6300,0]
[26426,20,7500,0]
[6413,20,7500,0]
[1236,20,6700,0]
[27055,20,6900,0]
[28196,20,7300,0]
[12875,20,7500,0]
[5101,20,6500,0]
[1964,20,7400,0]
[22948,20,7100,0]
[25985,20,6600,0]
[3371,20,7900,0]
[35599,20,6600,0]
[39934,20,6900,0]
[36714,20,7200,0]
[2161,20,7100,0]
[14794,20,6200,0]
[11793,20,7400,0]
[2038,20,7400,0]
[29297,20,6500,0]
[34838,20,7300,0]
[11610,20,6100,0]
[15644,20,7300,0]
[7683,20,5500,0]
[17710,20,7100,0]
[24408,20,6600,0]
[9386,20,7700,0]
[21917,20,7200,0]
[23056,20,6900,0]
[6232,20,7200,0]
[15979,20,7300,0]
[34133,20,6100,0]
[39783,20,8000,0]
[23282,20,6900,0]
[34211,20,7500,0]
[9670,20,6400,0]
[33365,20,8000,0]
[32641,20,7100,0]
[27082,20,7200,0]
[9340,20,6900,0]
[259,20,8000,0]
[918,20,6800,0]
[6257,20,7600,0]
[39082,20,6900,0]
[20964,20,6400,0]
[33409,20,7300,0]
[18354,20,6700,0]
[39014,20,7000,0]
[16749,20,6200,0]
[10567,20,6100,0]
[10707,20,6600,0]
[24998,20,6400,0]
[23658,20,6800,0]
[35562,20,7500,0]
[18164,20,6700,0]
[19285,20,7800,0]
[6526,20,6500,0]
[23175,20,7600,0]
[16918,20,6400,0]
[31387,20,7200,0]
[2519,20,5600,0]
[32518,20,7300,0]
[2989,20,7200,0]
[27982,20,6600,0]
[39071,20,6200,0]
[31227,20,7400,0]
[34431,20,7300,0]
[17055,20,6700,0]
[24432,20,7200,0]
[37647,20,7300,0]
[24287,20,7500,0]
[10995,20,6700,0]
[10349,20,5900,0]
[25820,20,6800,0]
[27715,20,7100,0]
[34202,20,7000,0]
[4155,20,5800,0]
[9732,20,7200,0]
[34307,20,6100,0]
[12950,20,7100,0]
[11145,20,7100,0]
[39927,20,7100,0]
[33864,20,6200,0]
[31365,20,7700,0]
[33955,20,7200,0]
[10796,20,7200,0]
[17286,20,6600,0]
[33903,20,7000,0]
[35681,20,6500,0]
[37384,20,6500,0]
[27465,20,7100,0]
[34886,20,7700,0]
[14002,20,6800,0]
[28063,20,6700,0]
[30229,20,7400,0]
[15234,20,7000,0]
[17229,20,7100,0]
[24857,20,6600,0]
[1501,20,7000,0]
[20859,20,7300,0]
[25987,20,7700,0]
[13762,20,6700,0]
[3133,20,7100,0]
[33856,20,6800,0]
[13228,20,6900,0]
[17529,20,7600,0]
[22936,20,8000,0]
[35539,20,7200,0]
[28420,20,7200,0]
[13562,20,6500,0]
[27992,20,7700,0]
[18564,20,6200,0]
[37024,20,6400,0]
[12083,20,6800,0]
[6511,20,6900,0]
[39864,20,6600,0]
[36408,20,6800,0]
[9036,20,7200,0]
[18503,20,7800,0]
[6863,20,7300,0]
[23405,20,7900,0]
[32645,20,6700,0]
[1768,20,6700,0]
[15963,20,7100,0]
[1574,20,8100,0]
[19943,20,7800,0]
[16732,20,6500,0]
[34968,20,7000,0]
[33379,20,7100,0]
[23621,20,6900,0]
[31694,20,6600,0]
[1061,20,7300,0]
[25319,20,7400,0]
[24635,20,7200,0]
[18978,20,7100,0]
[15221,20,6600,0]
[28643,20,6700,0]
[3570,20,7200,0]
[12950,20,7100,0]
[37833,20,6900,0]
[13933,20,7100,0]
[13484,20,7800,0]
[39480,20,6900,0]
[572,20,7000,0]
[27639,20,6500,0]
[27823,20,7400,0]
[26345,20,7000,0]
[32200,20,6700,0]
[35392,20,6900,0]
[34440,20,6800,0]
[10234,20,6900,0]
[29685,20,8000,0]
[33268,20,7000,0]
[33542,20,7500,0]
[4483,20,6900,0]
[38292,20,6700,0]
[32092,20,6500,0]
[13714,20,7700,0]
[29597,20,7700,0]
[10860,20,7500,0]
[1148,20,6500,0]
[36762,20,7200,0]
[20523,20,7500,0]
[26917,20,6800,0]
[8074,20,8300,0]
[26593,20,7000,0]
[38123,20,6700,0]
[5339,20,6900,0]
[9952,20,6900,0]
[8512,20,6900,0]
[5806,20,7200,0]
[4473,20,6200,0]
[11805,20,7800,0]
[1880,20,7000,0]
[13817,20,6900,0]
[26762,20,7300,0]
[22938,20,6000,0]
[13783,20,7400,0]
[4099,20,7700,0]
[34154,20,6800,0]
[15933,20,6600,0]
[8779,20,7200,0]
[311,20,7000,0]
[11567,20,7400,0]
[11069,20,7100,0]
[16380,20,6000,0]
[860,20,6400,0]
[17741,20,6700,0]
[14646,20,7900,0]
[27201,20,6300,0]
[32822,20,6200,0]
[1370,20,6900,0]
[17262,20,7700,0]
[22367,20,7500,0]
[1606,20,6800,0]
[27997,20,7100,0]
[28169,20,6900,0]
[17548,20,6900,0]
[34539,20,7200,0]
[12666,20,6500,0]
[7970,20,7800,0]
[9520,20,6400,0]
[23567,20,6500,0]
[17271,20,6200,0]
[6382,20,7700,0]
[33939,20,6600,0]
[37585,20,7100,0]
[38728,20,7500,0]
[23560,20,7300,0]
[28290,20,6400,0]
[7559,20,7200,0]
[24785,20,7200,0]
[13497,20,7100,0]
[30299,20,7100,0]
[21827,20,7100,0]
[36631,20,7300,0]
[18318,20,6600,0]
[21247,20,7300,0]
[17231,20,6700,0]
[2299,20,5900,0]
[27405,20,7900,0]
[35316,20,6200,0]
[37224,20,7500,0]
[4557,20,6800,0]
[18562,20,7200,0]
[27814,20,6900,0]
[18552,20,7000,0]
[13216,20,7000,0]
[7191,20,6300,0]
[24087,20,6500,0]
[354,20,7000,0]
[19115,20,7100,0]
[25390,20,7300,0]
[20379,20,6600,0]
[4620,20,7700,0]
[33052,20,7100,0]
[11892,20,7200,0]
[29792,20,6800,0]
[32543,20,6700,0]
[7575,20,7100,0]
[4638,20,6400,0]
[14599,20,7400,0]
[926,20,7400,0]
[27319,20,7000,0]
[1053,20,6400,0]
[27789,20,8000,0]
[14236,20,7100,0]
[16759,20,6400,0]
[15197,20,6400,0]
[34443,20,6800,0]
[15414,20,7300,0]
[11283,20,7400,0]
[5153,20,6800,0]
[20972,20,6200,0]
[19848,20,7300,0]
[38595,20,7000,0]
[18054,20,6700,0]
[24628,20,7500,0]
[1300,20,7400,0]
[19330,20,7100,0]
[4493,20,7100,0]
[2543,20,7000,0]
[10397,20,7500,0]
[892,20,7700,0]
[14582,20,7100,0]
[2239,20,7100,0]
[12547,20,6700,0]
[10626,20,7900,0]
[21904,20,8000,0]
[38187,20,7300,0]
[24120,20,7100,0]
[987,20,7000,0]
[25337,20,8000,0]
[34950,20,7300,0]
[29389,20,7100,0]
[8028,20,6700,0]
[15395,20,7000,0]
[24100,20,7100,0]
[9611,20,6900,0]
[829,20,7700,0]
[18655,20,7900,0]
[7439,20,6600,0]
[12329,20,7100,0]
[326,20,6900,0]
[17967,20,6600,0]
[22398,20,6400,0]
[10041,20,7700,0]
[21356,20,6600,0]
[23593,20,7300,0]
[20079,20,8100,0]
[4234,20,7400,0]
[2661,20,7200,0]
[25265,20,6600,0]
[630,20,7500,0]
[8105,20,7400,0]
[18687,20,7500,0]
[26216,20,7200,0]
[7459,20,6600,0]
[24524,20,6800,0]
[14395,20,7500,0]
[10351,20,6400,0]
[7327,20,6600,0]
[15858,20,7400,0]
[11692,20,7000,0]
[4656,20,6600,0]
[13966,20,8100,0]
[30709,20,6800,0]
[28788,20,7800,0]
[63,20,6300,0]
[38964,20,7700,0]
[21173,20,6300,0]
[30638,20,6400,0]
[17704,20,6500,0]
[39781,20,7200,0]
[38583,20,6500,0]
[18629,20,7500,0]
[36712,20,7400,0]
[7190,20,7300,0]
[4236,20,7500,0]
[14932,20,8000,0]
[26116,20,7000,0]
[28684,20,7800,0]
[12570,20,7200,0]
[25445,20,6100,0]
[18720,20,7600,0]
[20135,20,7100,0]
[32804,20,7600,0]
[554,20,6500,0]
[27419,20,7300,0]
[26762,20,7300,0]
[11057,20,8000,0]
[16444,20,6300,0]
[5037,20,7500,0]
[29207,20,6100,0]
[26606,20,7500,0]
[28763,20,8000,0]
[19430,20,7100,0]
[25351,20,7400,0]
[17649,20,7000,0]
[13794,20,6900,0]
[8188,20,6700,0]
[28258,20,7500,0]
[38400,20,7800,0]
[26829,20,6300,0]
[16533,20,7200,0]
[15442,20,8000,0]
[29830,20,7800,0]
[28757,20,6600,0]
[20441,20,6600,0]
[3819,20,7600,0]
[5026,20,6700,0]
[21890,20,7100,0]
[6324,20,7800,0]
[28820,20,6400,0]
[14829,20,7000,0]
[11461,20,6200,0]
[15774,20,7700,0]
[817,20,6700,0]
[32217,20,7200,0]
[4998,20,6800,0]
[13835,20,6700,0]
[10485,20,7200,0]
[4819,20,7200,0]
[6347,20,6800,0]
[20324,20,6700,0]
[38943,20,6600,0]
[11175,20,6900,0]
[18748,20,6800,0]
[5416,20,6200,0]
[16549,20,7100,0]
[11267,20,6800,0]
[12979,20,6100,0]
[22221,20,6900,0]
[16453,20,7500,0]
[1144,20,7000,0]
[38606,20,7000,0]
[29148,20,6900,0]
[35209,20,6100,0]
[3099,20,7100,0]
[30452,20,6700,0]
[1667,20,7400,0]
[11372,20,6700,0]
[35535,20,6300,0]
[22998,20,7400,0]
[34530,20,7800,0]
[14354,20,7200,0]
[15118,20,7900,0]
[6931,20,6600,0]
[37343,20,6600,0]
[26477,20,8000,0]
[10879,20,7300,0]
[19553,20,6800,0]
[34180,20,6100,0]
[12263,20,7000,0]
[15574,20,6900,0]
[23677,20,8000,0]
[23408,20,6300,0]
[37518,20,6100,0]
[14799,20,6800,0]
[7016,20,6600,0]
[36926,20,7100,0]
[15498,20,6500,0]
[24967,20,7300,0]
[6288,20,7100,0]
[35594,20,6300,0]
[19001,20,7800,0]
[22533,20,7100,0]
[14908,20,7400,0]
[13830,20,6700,0]
[12154,20,7000,0]
[32071,20,7000,0]
[14375,20,7500,0]
[15625,20,7100,0]
[23185,20,6500,0]
[20750,20,6700,0]
[36394,20,7600,0]
[26725,20,7400,0]
[38908,20,7200,0]
[15215,20,7800,0]
[6731,20,7300,0]
[22188,20,6900,0]
[21463,20,6400,0]
[8695,20,6700,0]
[35125,20,6700,0]
[20546,20,7300,0]
[23302,20,6900,0]
[10784,20,6300,0]
[740,20,6900,0]
[33958,20,6300,0]
[19498,20,6700,0]
[16555,20,6800,0]
[8678,20,7300,0]
[31316,20,6700,0]
[30328,20,7400,0]
[8889,20,6900,0]
[25241,20,6800,0]
[27921,20,7400,0]
[22142,20,7300,0]
[38571,20,7000,0]
[17043,20,7200,0]
[22651,20,6300,0]
