[25779,20,7500,0]
[3618,20,6200,0]
[25272,20,7300,0]
[26515,20,7600,0]
[22850,20,7200,0]
[24987,20,7200,0]
[18643,20,6700,0]
[30975,20,7800,0]
[16176,20,6400,0]
[12251,20,7500,0]
[5222,20,7000,0]
[14255,20,6400,0]
[30584,20,6700,0]
[18348,20,7600,0]
[8619,20,6900,0]
[35752,20,7800,0]
[3311,20,7300,0]
[24237,20,6900,0]
[37137,20,6900,0]
[10481,20,7500,0]
[13545,20,7400,0]
[15270,20,7200,0]
[36198,20,8300,0]
[7310,20,6500,0]
[6687,20,7100,0]
[28775,20,6900,0]
[8016,20,7100,0]
[4619,20,7400,0]
[27147,20,6900,0]
[15377,20,6800,0]
[10067,20,7300,0]
[28735,20,7800,0]
[11708,20,7400,0]
[10656,20,7500,0]
[1012,20,6800,0]
[7573,20,7700,0]
[30409,20,7500,0]
[16960,20,7200,0]
[12987,20,6800,0]
[27548,20,7600,0]
[29714,20,7000,0]
[17373,20,6900,0]
[34061,20,6300,0]
[337,20,6800,0]
[19099,20,6800,0]
[15384,20,8100,0]
[21642,20,7200,0]
[15095,20,7000,0]
[1407,20,6600,0]
[541,20,7300,0]
[33947,20,6400,0]
[9295,20,7700,0]
[15914,20,7400,0]
[15252,20,7800,0]
[25063,20,7400,0]
[9638,20,7100,0]
[14346,20,6900,0]
[20178,20,6200,0]
[34393,20,6700,0]
[32800,20,6100,0]
[20634,20,6600,0]
[5759,20,8300,0]
[11827,20,6400,0]
[35714,20,7000,0]
[2781,20,7100,0]
[2675,20,6900,0]
[2232,20,7400,0]
[3150,20,7900,0]
[1480,20,7500,0]
[4406,20,6700,0]
[10171,20,7500,0]
[18670,20,7300,0]
[9473,20,6400,0]
[24227,20,6700,0]
[12708,20,6700,0]
[19211,20,7300,0]
[20866,20,7200,0]
[23936,20,6400,0]
[16648,20,7200,0]
[250,20,7100,0]
[4671,20,7100,0]
[5966,20,7000,0]
[14365,20,7700,0]
[13317,20,6900,0]
[39519,20,8200,0]
[23861,20,6600,0]
[9001,20,7400,0]
[15204,20,7200,0]
[13472,20,5700,0]
[27778,20,7600,0]
[16355,20,6400,0]
[28407,20,6400,0]
[26806,20,7200,0]
[37613,20,7700,0]
[5302,20,6900,0]
[7890,20,7000,0]
[33862,20,7400,0]
[30915,20,7300,0]
[17691,20,7100,0]
[16195,20,6900,0]
[34776,20,6400,0]
[34296,20,6700,0]
[19519,20,6300,0]
[32720,20,6400,0]
[31198,20,6700,0]
[28664,20,6900,0]
[14081,20,7100,0]
[1527,20,6200,0]
[31588,20,8100,0]
[28269,20,7200,0]
[28408,20,6900,0]
[25453,20,6400,0]
[5909,20,7400,0]
[22789,20,6800,0]
[29765,20,6200,0]
[39221,20,6200,0]
[5981,20,7900,0]
[27704,20,7000,0]
[746,20,7500,0]
[31381,20,7600,0]
[28290,20,6400,0]
[1982,20,7000,0]
[7955,20,7300,0]
[36567,20,7000,0]
[19153,20,7200,0]
[16943,20,6500,0]
[14413,20,6700,0]
[5191,20,7300,0]
[35226,20,6300,0]
[14273,20,7900,0]
[36903,20,6800,0]
[29107,20,7600,0]
[856,20,6800,0]
[22314,20,6600,0]
[5410,20,6800,0]
[26088,20,7600,0]
[24561,20,6300,0]
[13328,20,6700,0]
[17413,20,7000,0]
[2394,20,6600,0]
[32700,20,7000,0]
[23019,20,6500,0]
[26291,20,6900,0]
[23609,20,7300,0]
[12114,20,7600,0]
[5119,20,7200,0]
[16381,20,7800,0]
[19557,20,7400,0]
[4089,20,7200,0]
[8912,20,7000,0]
[20367,20,7200,0]
[16496,20,6500,0]
[22469,20,6900,0]
[9555,20,7100,0]
[614,20,6600,0]
[3480,20,6600,0]
[22578,20,6800,0]
[25969,20,7300,0]
[27350,20,7400,0]
[16005,20,7500,0]
[20280,20,6600,0]
[12340,20,6900,0]
[39823,20,6800,0]
[36038,20,7000,0]
[26850,20,7100,0]
[6142,20,7200,0]
[18325,20,7000,0]
[10647,20,6900,0]
[27865,20,6200,0]
[35158,20,7200,0]
[26145,20,6500,0]
[24000,20,7400,0]
[8819,20,6700,0]
[20274,20,6900,0]
[28795,20,7700,0]
[6589,20,7500,0]
[18697,20,6900,0]
[5701,20,6600,0]
[1266,20,6000,0]
[13753,20,6300,0]
[34016,20,8200,0]
[38042,20,7400,0]
[30496,20,6300,0]
[38266,20,7100,0]
[36564,20,7100,0]
[3549,20,5300,0]
[23062,20,6500,0]
[27144,20,7200,0]
[18186,20,7300,0]
[22232,20,6900,0]
[372,20,6800,0]
[12591,20,6500,0]
[14160,20,7200,0]
[28717,20,6600,0]
[12209,20,7100,0]
[9676,20,7200,0]
[4700,20,6400,0]
[38583,20,6500,0]
[25261,20,7200,0]
[29556,20,6400,0]
[26384,20,7000,0]
[23593,20,7300,0]
[34445,20,7300,0]
[9791,20,7300,0]
[35752,20,7800,0]
[32614,20,6400,0]
[10599,20,6800,0]
[14861,20,7200,0]
[27445,20,6600,0]
[21666,20,7400,0]
[24989,20,7000,0]
[38088,20,7700,0]
[14480,20,5900,0]
[10234,20,6900,0]
[13382,20,7400,0]
[9585,20,6700,0]
[2972,20,6700,0]
[17101,20,7100,0]
[34827,20,7100,0]
[29981,20,7300,0]
[28076,20,6400,0]
[2938,20,6800,0]
[17818,20,7400,0]
[37087,20,7100,0]
[4277,20,6700,0]
[10892,20,8200,0]
[20873,20,6800,0]
[36092,20,6500,0]
[11231,20,7100,0]
[22496,20,7500,0]
[14277,20,7100,0]
[24646,20,7200,0]
[11072,20,7400,0]
[30992,20,6900,0]
[1603,20,7400,0]
[22255,20,6700,0]
[25747,20,7400,0]
[29242,20,7200,0]
[2611,20,7400,0]
[2366,20,6200,0]
[37155,20,7300,0]
[32193,20,6700,0]
[5725,20,6200,0]
[17392,20,6200,0]
[4076,20,6400,0]
[10109,20,6800,0]
[4170,20,7600,0]
[37046,20,6500,0]
[6933,20,7000,0]
[9645,20,6400,0]
[17302,20,7200,0]
[29412,20,7200,0]
[29280,20,7100,0]
[8875,20,7100,0]
[19803,20,7800,0]
[21258,20,7000,0]
[15132,20,7900,0]
[337,20,6800,0]
[24511,20,6800,0]
[35945,20,7400,0]
[19348,20,7700,0]
[38996,20,6900,0]
[4201,20,6300,0]
[23303,20,7700,0]
[10686,20,6700,0]
[33326,20,7700,0]
[28801,20,6600,0]
[14218,20,7200,0]
[28702,20,6700,0]
[9007,20,7800,0]
[2773,20,7000,0]
[33792,20,6500,0]
[255,20,6400,0]
[19420,20,7400,0]
[23919,20,6700,0]
[2817,20,7000,0]
[23040,20,6500,0]
[11878,20,6400,0]
[24240,20,6400,0]
[20237,20,7200,0]
[25460,20,7200,0]
[12874,20,6900,0]
[11481,20,6900,0]
[2373,20,6300,0]
[9324,20,6600,0]
[38903,20,7200,0]
[4593,20,6100,0]
[30029,20,6500,0]
[18164,20,6700,0]
[25791,20,7000,0]
[6651,20,6500,0]
[7713,20,5600,0]
[4578,20,6700,0]
[18933,20,6900,0]
[25485,20,7100,0]
[17632,20,7400,0]
[33797,20,6400,0]
[6246,20,6300,0]
[39844,20,6200,0]
[20576,20,7100,0]
[1488,20,6800,0]
[17141,20,7400,0]
[24812,20,7000,0]
[1097,20,7200,0]
[22221,20,6900,0]
[8175,20,7200,0]
[38415,20,6400,0]
[38757,20,7700,0]
[30455,20,7400,0]
[6786,20,6800,0]
[36980,20,7400,0]
[1919,20,6700,0]
[7080,20,7100,0]
[8712,20,6600,0]
[34503,20,6400,0]
[31454,20,7800,0]
[271,20,5800,0]
[683,20,5600,0]
[41,20,6700,0]
[37771,20,7700,0]
[35721,20,7300,0]
[23660,20,7700,0]
[26557,20,6700,0]
[23585,20,8300,0]
[20363,20,6700,0]
[16002,20,7000,0]
[22690,20,6800,0]
[6658,20,6700,0]
[35049,20,6300,0]
[3453,20,6500,0]
[11764,20,6300,0]
[31426,20,5800,0]
[12909,20,7000,0]
[13734,20,7300,0]
[34500,20,6800,0]
[8670,20,6400,0]
[29918,20,6100,0]
[22343,20,6600,0]
[5972,20,6800,0]
[17676,20,7700,0]
[16555,20,6800,0]
[15262,20,6600,0]
[18654,20,6900,0]
[10049,20,7800,0]
[13319,20,6900,0]
[22084,20,6800,0]
[18655,20,7900,0]
[39125,20,7200,0]
[18433,20,6800,0]
[28034,20,6300,0]
[6433,20,7700,0]
[29484,20,6800,0]
[22842,20,7000,0]
[15062,20,7000,0]
[2019,20,6200,0]
[11347,20,7000,0]
[14202,20,7100,0]
[6119,20,7300,0]
[11077,20,6100,0]
[16038,20,7600,0]
[3662,20,7200,0]
[25714,20,7500,0]
[23084,20,6300,0]
[38102,20,7500,0]
[35015,20,7000,0]
[29443,20,7400,0]
[23134,20,7000,0]
[5112,20,6300,0]
[12461,20,7000,0]
[34465,20,8000,0]
[29648,20,6700,0]
[3596,20,7200,0]
[39265,20,6500,0]
[27289,20,7400,0]
[20418,20,7600,0]
[15973,20,7200,0]
[29687,20,5900,0]
[32254,20,7200,0]
[36618,20,6900,0]
[36353,20,6900,0]
[27106,20,7100,0]
[22136,20,6600,0]
[22351,20,7500,0]
[3753,20,7100,0]
[30552,20,6400,0]
[24039,20,7900,0]
[18127,20,6200,0]
[14195,20,7200,0]
[22855,20,6800,0]
[20101,20,7000,0]
[3841,20,7100,0]
[37707,20,6800,0]
[15134,20,7600,0]
[26953,20,6700,0]
[37446,20,6500,0]
[25592,20,6900,0]
[1333,20,7700,0]
[29235,20,6900,0]
[26041,20,7300,0]
[11142,20,7000,0]
[38590,20,7500,0]
[35270,20,7400,0]
[8382,20,7400,0]
[39919,20,6800,0]
[22752,20,6400,0]
[37484,20,7200,0]
[4001,20,6700,0]
[34403,20,6200,0]
[31728,20,7200,0]
[33423,20,7500,0]
[25663,20,7800,0]
[21027,20,7200,0]
[19292,20,8000,0]
[4144,20,6700,0]
[14499,20,6600,0]
[27749,20,6900,0]
[9260,20,7600,0]
[22223,20,6800,0]
[174,20,6800,0]
[6116,20,7100,0]
[9771,20,7100,0]
[38318,20,7500,0]
[36288,20,6800,0]
[20022,20,6500,0]
[9339,20,7400,0]
[17718,20,6700,0]
[7367,20,7200,0]
[931,20,7000,0]
[22314,20,6600,0]
[7199,20,6400,0]
[25287,20,6600,0]
[30654,20,6600,0]
[13083,20,6900,0]
[14654,20,6800,0]
[19581,20,6700,0]
[34157,20,7400,0]
[9092,20,7200,0]
[12111,20,6600,0]
[25316,20,6500,0]
[16569,20,7300,0]
[17679,20,7000,0]
[507,20,5700,0]
[9302,20,6500,0]
[11942,20,6900,0]
[24803,20,7200,0]
[33240,20,6700,0]
[25184,20,6800,0]
[29479,20,7400,0]
[39303,20,6400,0]
[6932,20,7300,0]
[3335,20,6700,0]
[4906,20,6800,0]
[32706,20,6600,0]
[9491,20,6500,0]
[19562,20,6700,0]
[39436,20,7400,0]
[15354,20,7300,0]
[14070,20,6900,0]
[5263,20,6900,0]
[6492,20,7200,0]
[18123,20,7000,0]
[4632,20,6900,0]
[16635,20,6600,0]
[6748,20,6700,0]
[38438,20,6700,0]
[3258,20,7400,0]
[19047,20,7100,0]
[9815,20,6500,0]
[37212,20,7100,0]
[25750,20,6700,0]
[10303,20,6500,0]
[29032,20,6700,0]
[35916,20,7300,0]
[632,20,5900,0]
[9738,20,7900,0]
[18780,20,7900,0]
[10824,20,5800,0]
[38971,20,6800,0]
[38019,20,7300,0]
[9840,20,6400,0]
[1199,20,6200,0]
[28165,20,6800,0]
[6420,20,7300,0]
[22722,20,6900,0]
[5308,20,6600,0]
[18959,20,7100,0]
[29188,20,6700,0]
[20904,20,6600,0]
[24552,20,6900,0]
[2213,20,6500,0]
[32362,20,6100,0]
[26540,20,6600,0]
[23818,20,6800,0]
[5350,20,7100,0]
[18481,20,7100,0]
[31394,20,7700,0]
[15251,20,5600,0]
[27280,20,6900,0]
[20537,20,7600,0]
[2668,20,7100,0]
